2000 0.99993 1.503e-5
1952 0.99992 1.636e-5
1905 0.99992 1.781e-5
1860 0.99991 1.936e-5
1815 0.99991 6.300e-6
1772 0.99991 6.904e-6
1730 0.99990 7.564e-6
1688 0.99990 8.298e-6
1648 0.99989 9.083e-6
1609 0.99989 9.941e-6
1570 0.99988 1.090e-5
1533 0.99987 1.193e-5
1496 0.99987 1.308e-5
1460 0.99986 1.432e-5
1426 0.99985 1.562e-5
1392 0.99985 1.708e-5
1358 0.99984 1.872e-5
1326 0.99983 2.044e-5
1294 0.99982 2.238e-5
1263 0.99981 2.447e-5
1233 0.99981 2.673e-5
1204 0.99980 2.916e-5
1175 0.99979 3.189e-5
1147 0.99978 3.483e-5
1119 0.99976 3.812e-5
1093 0.99975 4.155e-5
1067 0.99974 4.537e-5
1041 0.99973 4.965e-5
1016 0.99971 5.423e-5
992 0.99970 5.915e-5
968 0.99968 6.468e-5
945 0.99967 7.061e-5
923 0.99965 7.686e-5
901 0.99964 8.364e-5
879 0.99962 9.121e-5
858 0.99960 9.928e-5
838 0.99958 1.080e-4
818 0.99956 1.179e-4
798 0.99954 1.289e-4
779 0.99951 1.407e-4
760 0.99949 1.535e-4
742 0.99946 1.671e-4
725 0.99944 1.813e-4
707 0.99941 1.981e-4
690 0.99938 2.149e-4
674 0.99935 2.326e-4
658 0.99932 2.536e-4
642 0.99928 2.771e-4
627 0.99925 3.009e-4
612 0.99921 3.270e-4
597 0.99917 3.560e-4
583 0.99913 3.862e-4
569 0.99909 4.199e-4
555 0.99904 4.578e-4
542 0.99899 4.971e-4
529 0.99894 1.486e-4
516 0.99889 1.621e-4
504 0.99884 1.76e-4
492 0.99878 1.91e-4
480 0.99872 2.08e-4
469 0.99866 2.26e-4
458 0.99859 2.45e-4
447 0.99852 2.67e-4
436 0.99845 2.90e-4
426 0.99837 3.15e-4
415 0.99828 3.44e-4
406 0.99821 3.71e-4
396 0.99812 4.04e-4
386 0.99802 4.40e-4
377 0.99792 4.77e-4
368 0.99782 5.18e-4
359 0.99771 5.63e-4
351 0.99760 6.07e-4
342 0.99747 6.62e-4
334 0.99735 7.17e-4
326 0.99722 7.77e-4
318 0.99708 8.44e-4
311 0.99695 9.09e-4
303 0.99678 9.91e-4
296 0.99663 1.07e-3
289 0.99646 1.16e-3
282 0.99629 1.25e-3
275 0.99609 1.36e-3
269 0.99592 1.46e-3
262 0.99570 1.59e-3
256 0.99549 1.71e-3
250 0.99527 1.85e-3
244 0.99504 2.00e-3
238 0.99478 2.16e-3
232 0.99451 2.34e-3
227 0.99427 2.50e-3
221 0.99395 2.72e-3
216 0.99367 2.92e-3
211 0.99336 3.14e-3
206 0.99304 3.37e-3
201 0.99269 3.63e-3
196 0.99231 3.90e-3
191 0.99190 4.21e-3
187 0.99155 4.47e-3
182 0.99108 4.82e-3
178 0.99068 5.11e-3
174 0.99024 5.44e-3
170 0.9898 5.80e-3
166 0.9893 6.19e-3
162 0.9887 6.62e-3
158 0.9882 6.99e-3
154 0.9875 7.30e-3
151.2 0.9871 7.3e-3
147.6 0.9865 7.6e-3
144.2 0.986 8.1e-3
140.9 0.9855 8.9e-3
137.8 0.9853 9.9e-3
134.8 0.9854 1.07e-2
131.9 0.9858 1.14e-2
129.2 0.9868 1.11e-2
126.5 0.9872 1.11e-2
124.0 0.9874 9.7e-3
121.6 0.9865 8.5e-3
119.2 0.9851 8.3e-3
117.0 0.9841 9.6e-3
114.8 0.9848 9.9e-3
112.7 0.9844 9.0e-3
110.7 0.9822 9.3e-3
108.8 0.9828 1.59e-2
106.9 0.9867 1.06e-2
105.1 0.9858 7.5e-3
103.3 0.9839 6.5e-3
101.6 0.9823 6.8e-3
99.99 0.9813 7.0e-3
98.40 0.9803 7.3e-3
96.86 0.9794 7.6e-3
95.37 0.9789 7.6e-3
93.93 0.9778 8.3e-3
92.53 0.977 8.7e-3
91.17 0.9761 9.3e-3
89.84 0.9747 1.03e-2
82.66 0.9634 1.99e-2
77.49 0.9608 2.26e-2
72.93 0.9562 2.44e-2
68.88 0.9509 2.81e-2
65.26 0.9458 3.35e-2
61.99 0.9416 3.74e-2
59.04 0.9386 4.37e-2
56.36 0.9328 4.62e-2
53.91 0.9271 5.2e-2
51.66 0.9222 5.78e-2
49.59 0.9164 6.5e-2
47.69 0.9105 7.26e-2
45.92 0.9207 6.8e-2
44.28 0.9175 7.5e-2
42.75 0.9137 8.2e-2
41.33 0.913 9.0e-2
40.00 0.907 9.2e-2
38.75 0.901 9.4e-2
37.57 0.895 9.8e-2
36.47 0.888 0.107
35.42 0.882 0.113
34.44 0.877 0.120
33.51 0.870 0.128
32.63 0.866 0.137
31.79 0.858 0.144
31.00 0.851 0.156
30.24 0.845 0.169
29.52 0.839 0.180
28.83 0.833 0.190
28.18 0.827 0.202
27.55 0.822 0.218
26.95 0.817 0.233
26.38 0.813 0.250
25.83 0.808 0.270
25.30 0.804 0.282
25 0.733 0.325
24.80 0.803 0.300
24.31 0.804 0.322
24 0.753 0.375
23.84 0.806 0.343
23.39 0.811 0.366
23 0.774 0.434
22.96 0.817 0.385
22.54 0.822 0.408
22.14 0.829 0.430
22 0.797 0.480
21.75 0.833 0.450
21.38 0.843 0.470
21.01 0.851 0.482
21 0.827 0.530
20.66 0.862 0.497
20 0.859 0.585
19.5 0.879 0.613
19 0.902 0.645
18.5 0.927 0.677
18 0.957 0.712
17.75 0.975 0.731
17.5 0.999 0.750
17.25 1.030 0.763
17 1.072 0.768
16.75 1.124 0.765
16.5 1.137 0.755
16.25 1.156 0.737
16 1.172 0.717
15.75 1.178 0.703
15.5 1.172 0.696
15.25 1.167 0.699
15 1.168 0.711
14.75 1.175 0.739
14.5 1.195 0.771
14.25 1.225 0.799
14 1.265 0.808
13.75 1.320 0.795
13.5 1.363 0.775
13.25 1.371 0.755
13 1.368 0.747
12.75 1.372 0.766
12.5 1.383 0.793
12.25 1.410 0.824
12 1.475 0.861
11.8 1.554 0.874
11.6 1.635 0.859
11.4 1.716 0.810
11.2 1.766 0.718
11 1.739 0.569
10.9 1.687 0.565
10.8 1.587 0.618
10.7 1.513 0.725
10.6 1.492 0.914
10.5 1.567 1.11
10.45 1.645 1.136
10.4 1.772 1.13
10.35 1.919 1.045
10.3 2.048 0.925
10.25 2.152 0.810
10.2 2.240 0.715
10.1 2.332 0.460
10 2.330 0.323
9.9 2.292 0.236
9.8 2.243 0.168
9.7 2.190 0.119
9.6 2.140 0.077
9.5 2.092 0.0561
9.4 2.047 0.0430
9.3 2.006 0.0339
9.2 1.969 0.0271
9.1 1.935 0.0228
9.0 1.904 1.89e-2
8.9 1.876 1.56e-2
8.8 1.850 1.32e-2
8.7 1.825 1.09e-2
8.6 1.803 8.38e-3
8.5 1.783 5.57e-3
8.4 1.764 3.17e-3
8.3 1.747 1.40e-3
8.2 1.730 4.63e-4
8.1 1.716 1.22e-4
8.0 1.702 3.2e-5
7.8 1.676 4.7e-6
0.3224 1.395 4.96e-5
0.2976 1.383 1.07e-4
0.2728 1.365 2.56e-4
0.2480 1.342 3.98e-3
0.2232 1.306 5.63e-3
0.2108 1.278 5.94e-3
0.1984 1.239 6.52e-3
0.1922 1.212 6.57e-3
0.1860 1.175 7.16e-3
0.1736 1.053 1.06e-2
0.1674 0.9488 1.48e-2
0.1612 0.7719 3.72e-2
0.1599 0.7037 4.74e-2
0.1587 0.6232 7.68e-2
0.1575 0.5456 0.132
0.1562 0.4677 0.216
0.1550 0.4113 0.323
0.1537 0.3931 0.446
0.1525 0.4020 0.553
0.1513 0.4329 0.635
0.1500 0.4530 0.704
0.1488 0.4600 0.771
0.1475 0.4730 0.840
0.1463 0.4746 0.903
0.1451 0.4656 0.978
0.1438 0.4563 1.07
0.1426 0.4309 1.17
0.1413 0.3915 1.32
0.1401 0.3563 1.53
0.1389 0.3705 1.85
0.1376 0.5846 2.27
0.1364 1.043 2.55
0.1351 1.616 2.63
0.1333 2.250 2.26
0.1302 2.760 1.65
0.1271 2.839 0.962
0.1240 2.694 0.509
0.1209 2.448 0.231
0.1178 2.224 0.102
0.1147 2.038 4.60e-2
0.1116 1.869 5.06e-2
0.1091 1.784 7.75e-2
0.1066 1.690 0.116
0.1054 1.652 0.152
0.1041 1.619 0.204
0.1029 1.615 0.267
0.1017 1.658 0.323
0.1004 1.701 0.341
0.09919 1.753 0.343
0.09795 1.789 0.314
0.09671 1.811 0.275
0.09547 1.810 0.227
0.09423 1.779 0.192
0.09299 1.756 0.177
0.08989 1.698 0.157
0.08679 1.643 0.157
0.08369 1.598 0.168
0.08059 1.555 0.182
0.07749 1.502 0.202
0.07439 1.450 0.235
0.07191 1.401 0.264
0.06943 1.337 0.298
0.06695 1.235 0.341
0.06534 1.161 0.377
0.06447 1.050 0.415
0.06323 0.8857 0.524
0.06199 0.6616 0.822
0.06075 0.5777 1.28
0.05951 0.7517 1.86
0.05889 1.002 2.22
0.05827 1.484 2.39
0.05703 2.308 2.29
0.05455 2.936 1.29
0.05207 2.912 0.738
0.04959 2.739 0.397
0.04649 2.537 0.199
0.04339 2.388 0.13
0.04030 2.284 9.2e-2
0.03720 2.210 6.7e-2
0.03410 2.147 5.6e-2
0.03100 2.100 4.6e-2
0.01240 1.967 1.59e-2
0.009919 1.962 1.19e-2
0.007439 1.959 8.62e-3
0.004959 1.957 6.96e-3
0.002480 1.955 7.96e-3
