50	7	6.4	6.4	7.3	7.3	6.4	6.2	7	5.3	7.1	6.9	7.8	6.9	6.9
100	7.6	6.6	7	7.2	7.3	7	6.2	6.8	5.7	7.2	7.2	7.9	7.3	7.3
150	9.2	7.8	8.5	8.5	8.5	8.4	7.2	7.9	6.8	8.5	8.6	9.3	8.7	8.7
200	10.9	9.2	10	9.9	9.8	9.9	8.4	9.2	7.9	9.9	10.1	10.8	10.2	10.3
300	14.1	11.8	13	12.7	12.6	12.9	10.8	11.7	10.2	12.7	13	13.9	13.2	13.3
400	17.2	14.4	15.9	15.4	15.4	15.8	13.1	14.2	12.5	15.4	15.9	16.9	16.1	16.2
500	20.3	16.8	18.7	18.1	18.1	18.6	15.3	16.7	14.7	18.1	18.7	19.8	18.9	19
600	23.2	19.2	21.4	20.7	20.7	21.3	17.5	19	16.9	20.7	21.4	22.7	21.6	21.8
700	26.1	21.6	24.1	23.3	23.2	24	19.6	21.4	18.9	23.2	24	25.4	24.3	24.5
800	29.2	24.1	26.9	25.8	25.9	26.7	21.8	23.7	21.1	25.8	26.8	28.3	27.1	27.3
900	32	26.4	29.4	28.3	28.3	29.3	23.9	26	23.1	28.2	29.3	31	29.7	29.9
1000	34.7	28.6	32	30.8	30.8	31.8	25.9	28.2	25.1	30.6	31.8	33.7	32.2	32.5
1100	37.4	30.9	34.5	33.2	33.2	34.3	27.9	30.3	27	33	34.3	36.3	34.7	35
1200	40.1	33.1	37	35.6	35.6	36.8	29.9	32.5	29	35.3	36.8	38.8	37.2	37.5
1300	42.8	35.2	39.4	37.9	37.9	39.2	31.9	34.6	30.9	37.6	39.2	41.4	39.6	40
1400	45.4	37.4	41.9	40.2	40.3	41.7	33.8	36.7	32.8	39.9	41.6	43.9	42.1	42.4
1500	48	39.5	44.3	42.5	42.6	44	35.7	38.8	34.6	42.2	44	46.4	44.5	44.9
1600	50.6	41.6	46.6	44.8	44.9	46.4	37.6	40.9	36.5	44.4	46.3	48.9	46.9	47.3
1700	53.1	43.7	49	47.1	47.1	48.8	39.5	42.9	38.3	46.6	48.7	51.3	49.2	49.7
1800	55.7	45.8	51.3	49.4	49.4	51.1	41.4	44.9	40.2	48.8	51	53.8	51.6	52
1900	58.2	47.8	53.7	51.6	51.6	53.4	43.3	47	42	51	53.3	56.2	53.9	54.4
2000	60.7	49.9	56	53.8	53.8	55.7	45.1	49	43.8	53.2	55.6	58.6	56.2	56.7
