4.739900e-02 0.000000e+00
1.473990e-01 -1.377443e-05
2.473990e-01 -2.754878e-05
3.473990e-01 -4.262110e-05
4.473990e-01 -5.639508e-05
5.473990e-01 -7.016875e-05
6.473990e-01 -8.394204e-05
7.473990e-01 -9.771488e-05
8.473990e-01 -1.127853e-04
9.473990e-01 -1.265570e-04
1.047399e+00 -1.399171e-04
1.147399e+00 -1.536874e-04
1.247399e+00 -1.674568e-04
1.347399e+00 -1.825235e-04
1.447399e+00 -1.962910e-04
1.547399e+00 -2.100575e-04
1.647399e+00 -2.238228e-04
1.747399e+00 -2.375870e-04
1.847399e+00 -2.513498e-04
1.947399e+00 -2.664095e-04
2.047399e+00 -2.801695e-04
2.147399e+00 -2.939281e-04
2.247399e+00 -3.076850e-04
2.347399e+00 -3.214403e-04
2.447399e+00 -3.364920e-04
2.547399e+00 -3.502437e-04
2.647399e+00 -3.639936e-04
2.747399e+00 -3.777415e-04
2.847399e+00 -3.914873e-04
2.947399e+00 -4.065292e-04
3.047399e+00 -4.198598e-04
3.147399e+00 -4.335990e-04
3.247399e+00 -4.473360e-04
3.347399e+00 -4.610705e-04
3.447399e+00 -4.761006e-04
3.547399e+00 -4.898300e-04
3.647399e+00 -5.035568e-04
3.747399e+00 -5.172809e-04
3.847399e+00 -5.310022e-04
3.947399e+00 -5.460187e-04
4.047399e+00 -5.597342e-04
4.147399e+00 -5.778071e-04
4.247399e+00 -5.908806e-04
4.347399e+00 -5.972452e-04
4.447399e+00 -5.969663e-04
4.547399e+00 -5.895672e-04
4.647399e+00 -5.738153e-04
4.747399e+00 -5.540157e-04
4.847399e+00 -5.292157e-04
4.947399e+00 -5.006481e-04
5.047399e+00 -4.741963e-04
5.147399e+00 -4.497295e-04
5.247399e+00 -4.297133e-04
5.347399e+00 -4.157910e-04
5.447399e+00 -4.074208e-04
5.547399e+00 -4.015301e-04
5.647399e+00 -3.981185e-04
5.747399e+00 -3.958221e-04
5.847399e+00 -3.912224e-04
5.947399e+00 -3.821336e-04
6.047399e+00 -3.719075e-04
6.147399e+00 -3.578818e-04
6.247399e+00 -3.417647e-04
6.347399e+00 -3.222569e-04
6.447399e+00 -2.989466e-04
6.547399e+00 -2.684799e-04
6.647399e+00 -2.310515e-04
6.747399e+00 -1.804313e-04
6.847399e+00 -1.155159e-04
6.947399e+00 -3.048575e-05
7.047399e+00 7.446420e-05
7.147399e+00 2.014552e-04
7.247399e+00 3.508993e-04
7.347399e+00 5.163726e-04
7.447399e+00 6.948690e-04
7.547399e+00 8.802442e-04
7.647399e+00 1.063758e-03
7.747399e+00 1.238855e-03
7.847399e+00 1.394610e-03
7.947399e+00 1.525353e-03
8.047399e+00 1.624185e-03
8.147399e+00 1.688575e-03
8.247399e+00 1.719540e-03
8.347399e+00 1.719940e-03
8.447399e+00 1.693586e-03
8.547399e+00 1.646126e-03
8.647399e+00 1.583213e-03
8.747399e+00 1.510020e-03
8.847399e+00 1.430358e-03
8.947399e+00 1.350159e-03
9.047399e+00 1.273514e-03
9.147399e+00 1.205552e-03
9.247399e+00 1.150794e-03
9.347399e+00 1.118693e-03
9.447399e+00 1.115976e-03
9.547399e+00 1.146296e-03
9.647399e+00 1.217201e-03
9.747399e+00 1.328713e-03
9.847399e+00 1.475446e-03
9.947399e+00 1.661296e-03
1.004740e+01 1.883108e-03
1.014740e+01 2.147768e-03
1.024740e+01 2.459284e-03
1.034740e+01 2.828911e-03
1.044740e+01 3.261003e-03
1.054740e+01 3.759372e-03
1.064740e+01 4.324972e-03
1.074740e+01 4.951874e-03
1.084740e+01 5.629107e-03
1.094740e+01 6.340179e-03
1.104740e+01 7.064919e-03
1.114740e+01 7.777270e-03
1.124740e+01 8.448563e-03
1.134740e+01 9.050996e-03
1.144740e+01 9.564535e-03
1.154740e+01 9.969478e-03
1.164740e+01 1.026025e-02
1.174740e+01 1.043605e-02
1.184740e+01 1.050948e-02
1.194740e+01 1.049992e-02
1.204740e+01 1.043173e-02
1.214740e+01 1.032943e-02
1.224740e+01 1.021850e-02
1.234740e+01 1.012165e-02
1.244740e+01 1.005542e-02
1.254740e+01 1.003637e-02
1.264740e+01 1.007934e-02
1.274740e+01 1.019742e-02
1.284740e+01 1.039777e-02
1.294740e+01 1.068028e-02
1.304740e+01 1.103839e-02
1.314740e+01 1.145872e-02
1.324740e+01 1.193130e-02
1.334740e+01 1.244603e-02
1.344740e+01 1.300599e-02
1.354740e+01 1.361887e-02
1.364740e+01 1.429534e-02
1.374740e+01 1.504136e-02
1.384740e+01 1.584623e-02
1.394740e+01 1.668261e-02
1.404740e+01 1.750813e-02
1.414740e+01 1.826730e-02
1.424740e+01 1.891218e-02
1.434740e+01 1.939894e-02
1.444740e+01 1.971096e-02
1.454740e+01 1.985550e-02
1.464740e+01 1.985958e-02
1.474740e+01 1.976952e-02
1.484740e+01 1.964270e-02
1.494740e+01 1.953596e-02
1.504740e+01 1.950465e-02
1.514740e+01 1.959060e-02
1.524740e+01 1.982328e-02
1.534740e+01 2.021688e-02
1.544740e+01 2.077287e-02
1.554740e+01 2.147961e-02
1.564740e+01 2.232022e-02
1.574740e+01 2.327356e-02
1.584740e+01 2.430872e-02
1.594740e+01 2.539800e-02
1.604740e+01 2.650526e-02
1.614740e+01 2.759417e-02
1.624740e+01 2.862857e-02
1.634740e+01 2.956944e-02
1.644740e+01 3.038156e-02
1.654740e+01 3.103261e-02
1.664740e+01 3.149489e-02
1.674740e+01 3.174769e-02
1.684740e+01 3.177204e-02
1.694740e+01 3.155780e-02
1.704740e+01 3.109719e-02
1.714740e+01 3.039173e-02
1.724740e+01 2.946245e-02
1.734740e+01 2.834805e-02
1.744740e+01 2.710093e-02
1.754740e+01 2.577954e-02
1.764740e+01 2.443568e-02
1.774740e+01 2.311844e-02
1.784740e+01 2.186177e-02
1.794740e+01 2.069337e-02
1.804740e+01 1.963430e-02
1.814740e+01 1.869597e-02
1.824740e+01 1.788831e-02
1.834740e+01 1.720884e-02
1.844740e+01 1.665410e-02
1.854740e+01 1.621395e-02
1.864740e+01 1.588085e-02
1.874740e+01 1.563790e-02
1.884740e+01 1.547510e-02
1.894740e+01 1.537266e-02
1.904740e+01 1.531483e-02
1.914740e+01 1.528627e-02
1.924740e+01 1.527811e-02
1.934740e+01 1.527964e-02
1.944740e+01 1.528568e-02
1.954740e+01 1.529268e-02
1.964740e+01 1.529872e-02
1.974740e+01 1.530576e-02
1.984740e+01 1.531057e-02
1.994740e+01 1.531425e-02
2.004740e+01 1.531655e-02
2.014740e+01 1.532109e-02
2.024740e+01 1.533059e-02
2.034740e+01 1.534998e-02
2.044740e+01 1.537902e-02
2.054740e+01 1.541456e-02
2.064740e+01 1.544975e-02
2.074740e+01 1.547434e-02
2.084740e+01 1.548162e-02
2.094740e+01 1.546273e-02
2.104740e+01 1.541736e-02
2.114740e+01 1.534639e-02
2.124740e+01 1.525496e-02
2.134740e+01 1.515198e-02
2.144740e+01 1.504300e-02
2.154740e+01 1.493101e-02
2.164740e+01 1.482131e-02
2.174740e+01 1.471024e-02
2.184740e+01 1.460064e-02
2.194740e+01 1.449009e-02
2.204740e+01 1.438245e-02
2.214740e+01 1.427982e-02
2.224740e+01 1.418551e-02
2.234740e+01 1.410159e-02
2.244740e+01 1.402594e-02
2.254740e+01 1.395351e-02
2.264740e+01 1.387838e-02
2.274740e+01 1.379841e-02
2.284740e+01 1.371696e-02
2.294740e+01 1.363391e-02
2.304740e+01 1.355344e-02
2.314740e+01 1.347456e-02
2.324740e+01 1.340186e-02
2.334740e+01 1.333266e-02
2.344740e+01 1.327371e-02
2.354740e+01 1.322660e-02
2.364740e+01 1.319435e-02
2.374740e+01 1.318226e-02
2.384740e+01 1.318969e-02
2.394740e+01 1.321604e-02
2.404740e+01 1.326330e-02
2.414740e+01 1.333418e-02
2.424740e+01 1.343517e-02
2.434740e+01 1.356927e-02
2.444740e+01 1.374072e-02
2.454740e+01 1.394906e-02
2.464740e+01 1.418778e-02
2.474740e+01 1.445640e-02
2.484740e+01 1.474411e-02
2.494740e+01 1.504564e-02
2.504740e+01 1.535486e-02
2.514740e+01 1.565870e-02
2.524740e+01 1.594325e-02
2.534740e+01 1.619586e-02
2.544740e+01 1.640252e-02
2.554740e+01 1.655652e-02
2.564740e+01 1.664692e-02
2.574740e+01 1.667022e-02
2.584740e+01 1.662418e-02
2.594740e+01 1.651054e-02
2.604740e+01 1.632796e-02
2.614740e+01 1.608377e-02
2.624740e+01 1.578828e-02
2.634740e+01 1.546008e-02
2.644740e+01 1.511872e-02
2.654740e+01 1.478651e-02
2.664740e+01 1.448492e-02
2.674740e+01 1.423375e-02
2.684740e+01 1.405566e-02
2.694740e+01 1.396799e-02
2.704740e+01 1.398953e-02
2.714740e+01 1.412887e-02
2.724740e+01 1.438164e-02
2.734740e+01 1.472836e-02
2.744740e+01 1.512696e-02
2.754740e+01 1.553116e-02
2.764740e+01 1.588988e-02
2.774740e+01 1.616386e-02
2.784740e+01 1.633036e-02
2.794740e+01 1.638426e-02
2.804740e+01 1.633676e-02
2.814740e+01 1.620975e-02
2.824740e+01 1.602793e-02
2.834740e+01 1.580869e-02
2.844740e+01 1.557066e-02
2.854740e+01 1.532179e-02
2.864740e+01 1.506700e-02
2.874740e+01 1.480871e-02
2.884740e+01 1.455101e-02
2.894740e+01 1.429784e-02
2.904740e+01 1.405557e-02
2.914740e+01 1.383041e-02
2.924740e+01 1.362887e-02
2.934740e+01 1.345565e-02
2.944740e+01 1.331588e-02
2.954740e+01 1.321047e-02
2.964740e+01 1.314133e-02
2.974740e+01 1.310577e-02
2.984740e+01 1.310155e-02
2.994740e+01 1.312618e-02
3.004740e+01 1.317171e-02
3.014740e+01 1.322975e-02
3.024740e+01 1.329137e-02
3.034740e+01 1.334846e-02
3.044740e+01 1.339718e-02
3.054740e+01 1.343326e-02
3.064740e+01 1.345378e-02
3.074740e+01 1.345610e-02
3.084740e+01 1.344117e-02
3.094740e+01 1.340692e-02
3.104740e+01 1.335779e-02
3.114740e+01 1.330103e-02
3.124740e+01 1.324467e-02
3.134740e+01 1.320385e-02
3.144740e+01 1.319793e-02
3.154740e+01 1.324750e-02
3.164740e+01 1.337050e-02
3.174740e+01 1.358657e-02
3.184740e+01 1.390454e-02
3.194740e+01 1.433106e-02
3.204740e+01 1.485556e-02
3.214740e+01 1.546139e-02
3.224740e+01 1.612577e-02
3.234740e+01 1.682199e-02
3.244740e+01 1.752083e-02
3.254740e+01 1.820187e-02
3.264740e+01 1.884575e-02
3.274740e+01 1.944319e-02
3.284740e+01 1.998781e-02
3.294740e+01 2.047984e-02
3.304740e+01 2.092641e-02
3.314740e+01 2.134667e-02
3.324740e+01 2.176620e-02
3.334740e+01 2.221656e-02
3.344740e+01 2.272794e-02
3.354740e+01 2.332610e-02
3.364740e+01 2.403234e-02
3.374740e+01 2.486039e-02
3.384740e+01 2.581590e-02
3.394740e+01 2.690168e-02
3.404740e+01 2.811282e-02
3.414740e+01 2.943705e-02
3.424740e+01 3.085469e-02
3.434740e+01 3.233393e-02
3.444740e+01 3.383436e-02
3.454740e+01 3.530500e-02
3.464740e+01 3.668521e-02
3.474740e+01 3.791435e-02
3.484740e+01 3.893363e-02
3.494740e+01 3.969699e-02
3.504740e+01 4.017541e-02
3.514740e+01 4.035893e-02
3.524740e+01 4.026007e-02
3.534740e+01 3.990537e-02
3.544740e+01 3.933320e-02
3.554740e+01 3.858811e-02
3.564740e+01 3.771393e-02
3.574740e+01 3.675958e-02
3.584740e+01 3.577780e-02
3.594740e+01 3.481476e-02
3.604740e+01 3.391823e-02
3.614740e+01 3.312343e-02
3.624740e+01 3.244912e-02
3.634740e+01 3.190408e-02
3.644740e+01 3.147467e-02
3.654740e+01 3.114193e-02
3.664740e+01 3.088032e-02
3.674740e+01 3.066423e-02
3.684740e+01 3.047718e-02
3.694740e+01 3.030274e-02
3.704740e+01 3.012808e-02
3.714740e+01 2.993740e-02
3.724740e+01 2.971918e-02
3.734740e+01 2.945779e-02
3.744740e+01 2.914782e-02
3.754740e+01 2.878856e-02
3.764740e+01 2.838364e-02
3.774740e+01 2.794199e-02
3.784740e+01 2.747560e-02
3.794740e+01 2.698708e-02
3.804740e+01 2.648072e-02
3.814740e+01 2.595264e-02
3.824740e+01 2.540245e-02
3.834740e+01 2.483153e-02
3.844740e+01 2.424951e-02
3.854740e+01 2.367151e-02
3.864740e+01 2.311350e-02
3.874740e+01 2.258748e-02
3.884740e+01 2.209819e-02
3.894740e+01 2.164400e-02
3.904740e+01 2.121727e-02
3.914740e+01 2.081174e-02
3.924740e+01 2.042114e-02
3.934740e+01 2.004549e-02
3.944740e+01 1.968472e-02
3.954740e+01 1.934655e-02
3.964740e+01 1.903176e-02
3.974740e+01 1.874253e-02
3.984740e+01 1.847576e-02
3.994740e+01 1.822497e-02
4.004740e+01 1.798105e-02
4.014740e+01 1.774087e-02
4.024740e+01 1.750220e-02
4.034740e+01 1.726624e-02
4.044740e+01 1.703380e-02
4.054740e+01 1.680771e-02
4.064740e+01 1.658736e-02
4.074740e+01 1.637240e-02
4.084740e+01 1.616259e-02
4.094740e+01 1.595765e-02
4.104740e+01 1.575999e-02
4.114740e+01 1.557044e-02
4.124740e+01 1.538838e-02
4.134740e+01 1.520686e-02
4.144740e+01 1.502462e-02
4.154740e+01 1.483727e-02
4.164740e+01 1.465289e-02
4.174740e+01 1.447935e-02
4.184740e+01 1.432742e-02
4.194740e+01 1.420622e-02
4.204740e+01 1.411938e-02
4.214740e+01 1.405907e-02
4.224740e+01 1.401526e-02
4.234740e+01 1.397151e-02
4.244740e+01 1.391561e-02
4.254740e+01 1.383911e-02
4.264740e+01 1.374319e-02
4.274740e+01 1.363962e-02
4.284740e+01 1.353959e-02
4.294740e+01 1.345458e-02
4.304740e+01 1.339227e-02
4.314740e+01 1.335954e-02
4.324740e+01 1.335557e-02
4.334740e+01 1.338177e-02
4.344740e+01 1.343787e-02
4.354740e+01 1.351421e-02
4.364740e+01 1.360028e-02
4.374740e+01 1.367757e-02
4.384740e+01 1.373228e-02
4.394740e+01 1.375208e-02
4.404740e+01 1.373106e-02
4.414740e+01 1.366936e-02
4.424740e+01 1.357877e-02
4.434740e+01 1.347269e-02
4.444740e+01 1.336806e-02
4.454740e+01 1.327956e-02
4.464740e+01 1.321679e-02
4.474740e+01 1.318202e-02
4.484740e+01 1.317618e-02
4.494740e+01 1.319058e-02
4.504740e+01 1.321728e-02
4.514740e+01 1.324562e-02
4.524740e+01 1.326610e-02
4.534740e+01 1.327230e-02
4.544740e+01 1.325708e-02
4.554740e+01 1.321819e-02
4.564740e+01 1.316002e-02
4.574740e+01 1.308582e-02
4.584740e+01 1.300362e-02
4.594740e+01 1.292318e-02
4.604740e+01 1.284692e-02
4.614740e+01 1.277723e-02
4.624740e+01 1.271516e-02
4.634740e+01 1.265439e-02
4.644740e+01 1.258981e-02
4.654740e+01 1.251617e-02
4.664740e+01 1.242825e-02
4.674740e+01 1.232297e-02
4.684740e+01 1.219957e-02
4.694740e+01 1.206023e-02
4.704740e+01 1.190503e-02
4.714740e+01 1.173698e-02
4.724740e+01 1.155299e-02
4.734740e+01 1.135023e-02
4.744740e+01 1.113055e-02
4.754740e+01 1.089959e-02
4.764740e+01 1.066767e-02
4.774740e+01 1.044692e-02
4.784740e+01 1.024959e-02
4.794740e+01 1.008463e-02
4.804740e+01 9.950972e-03
4.814740e+01 9.845421e-03
4.824740e+01 9.757096e-03
4.834740e+01 9.676771e-03
4.844740e+01 9.595649e-03
4.854740e+01 9.511763e-03
4.864740e+01 9.423200e-03
4.874740e+01 9.334564e-03
4.884740e+01 9.245889e-03
4.894740e+01 9.157195e-03
4.904740e+01 9.065876e-03
4.914740e+01 8.972692e-03
4.924740e+01 8.873554e-03
4.934740e+01 8.771130e-03
4.944740e+01 8.668891e-03
4.954740e+01 8.574937e-03
4.964740e+01 8.493872e-03
4.974740e+01 8.433308e-03
4.984740e+01 8.395339e-03
4.994740e+01 8.379029e-03
5.004740e+01 8.377908e-03
5.014740e+01 8.381642e-03
5.024740e+01 8.378657e-03
5.034740e+01 8.359514e-03
5.044740e+01 8.317810e-03
5.054740e+01 8.252791e-03
5.064740e+01 8.168531e-03
5.074740e+01 8.073041e-03
5.084740e+01 7.976616e-03
5.094740e+01 7.890926e-03
5.104740e+01 7.819631e-03
5.114740e+01 7.762652e-03
5.124740e+01 7.713961e-03
5.134740e+01 7.669204e-03
5.144740e+01 7.622191e-03
5.154740e+01 7.566164e-03
5.164740e+01 7.502798e-03
5.174740e+01 7.431797e-03
5.184740e+01 7.351489e-03
5.194740e+01 7.266894e-03
5.204740e+01 7.179880e-03
5.214740e+01 7.099429e-03
5.224740e+01 7.036526e-03
5.234740e+01 6.997815e-03
5.244740e+01 6.990824e-03
5.254740e+01 7.012431e-03
5.264740e+01 7.053964e-03
5.274740e+01 7.101221e-03
5.284740e+01 7.139629e-03
5.294740e+01 7.157140e-03
5.304740e+01 7.144314e-03
5.314740e+01 7.105475e-03
5.324740e+01 7.045039e-03
5.334740e+01 6.978248e-03
5.344740e+01 6.918178e-03
5.354740e+01 6.878390e-03
5.364740e+01 6.862249e-03
5.374740e+01 6.869268e-03
5.384740e+01 6.890092e-03
5.394740e+01 6.908884e-03
5.404740e+01 6.912052e-03
5.414740e+01 6.891462e-03
5.424740e+01 6.846682e-03
5.434740e+01 6.784979e-03
5.444740e+01 6.720974e-03
5.454740e+01 6.669678e-03
5.464740e+01 6.641847e-03
5.474740e+01 6.642342e-03
5.484740e+01 6.664402e-03
5.494740e+01 6.697776e-03
5.504740e+01 6.726891e-03
5.514740e+01 6.737408e-03
5.524740e+01 6.719161e-03
5.534740e+01 6.670592e-03
5.544740e+01 6.597996e-03
5.554740e+01 6.513336e-03
5.564740e+01 6.432529e-03
5.574740e+01 6.368553e-03
5.584740e+01 6.332066e-03
5.594740e+01 6.321702e-03
5.604740e+01 6.330969e-03
5.614740e+01 6.347298e-03
5.624740e+01 6.357366e-03
5.634740e+01 6.349152e-03
5.644740e+01 6.312345e-03
5.654740e+01 6.245246e-03
5.664740e+01 6.149099e-03
5.674740e+01 6.029584e-03
5.684740e+01 5.895738e-03
5.694740e+01 5.760084e-03
5.704740e+01 5.636727e-03
5.714740e+01 5.538481e-03
5.724740e+01 5.475922e-03
5.734740e+01 5.448491e-03
5.744740e+01 5.449222e-03
5.754740e+01 5.462961e-03
5.764740e+01 5.478119e-03
5.774740e+01 5.479164e-03
5.784740e+01 5.465671e-03
5.794740e+01 5.438048e-03
5.804740e+01 5.405853e-03
5.814740e+01 5.376515e-03
5.824740e+01 5.356761e-03
5.834740e+01 5.350762e-03
5.844740e+01 5.355287e-03
5.854740e+01 5.369128e-03
5.864740e+01 5.386550e-03
5.874740e+01 5.405494e-03
5.884740e+01 5.420336e-03
5.894740e+01 5.427699e-03
5.904740e+01 5.421270e-03
5.914740e+01 5.398783e-03
5.924740e+01 5.363254e-03
5.934740e+01 5.323475e-03
5.944740e+01 5.286981e-03
5.954740e+01 5.262241e-03
5.964740e+01 5.258116e-03
5.974740e+01 5.276134e-03
5.984740e+01 5.311369e-03
5.994740e+01 5.354554e-03
6.004740e+01 5.398151e-03
6.014740e+01 5.429374e-03
6.024740e+01 5.441925e-03
6.034740e+01 5.432911e-03
6.044740e+01 5.402006e-03
6.054740e+01 5.352400e-03
6.064740e+01 5.287711e-03
6.074740e+01 5.216355e-03
6.084740e+01 5.143138e-03
6.094740e+01 5.072876e-03
6.104740e+01 5.005960e-03
6.114740e+01 4.944786e-03
6.124740e+01 4.884401e-03
6.134740e+01 4.831309e-03
6.144740e+01 4.789479e-03
6.154740e+01 4.763291e-03
6.164740e+01 4.758104e-03
6.174740e+01 4.778013e-03
6.184740e+01 4.819572e-03
6.194740e+01 4.874265e-03
6.204740e+01 4.928924e-03
6.214740e+01 4.971746e-03
6.224740e+01 4.987502e-03
6.234740e+01 4.970450e-03
6.244740e+01 4.918647e-03
6.254740e+01 4.840085e-03
6.264740e+01 4.749595e-03
6.274740e+01 4.662475e-03
6.284740e+01 4.590505e-03
6.294740e+01 4.544124e-03
6.304740e+01 4.525515e-03
6.314740e+01 4.534266e-03
6.324740e+01 4.563470e-03
6.334740e+01 4.601095e-03
6.344740e+01 4.635111e-03
6.354740e+01 4.656790e-03
6.364740e+01 4.662897e-03
6.374740e+01 4.654341e-03
6.384740e+01 4.639737e-03
6.394740e+01 4.620921e-03
6.404740e+01 4.603219e-03
6.414740e+01 4.587320e-03
6.424740e+01 4.570174e-03
6.434740e+01 4.551703e-03
6.444740e+01 4.530023e-03
6.454740e+01 4.504650e-03
6.464740e+01 4.474253e-03
6.474740e+01 4.440888e-03
6.484740e+01 4.404937e-03
6.494740e+01 4.371525e-03
6.504740e+01 4.342662e-03
6.514740e+01 4.324678e-03
6.524740e+01 4.321785e-03
6.534740e+01 4.333953e-03
6.544740e+01 4.361962e-03
6.554740e+01 4.407457e-03
6.564740e+01 4.461331e-03
6.574740e+01 4.515876e-03
6.584740e+01 4.555632e-03
6.594740e+01 4.569549e-03
6.604740e+01 4.547789e-03
6.614740e+01 4.493069e-03
6.624740e+01 4.410844e-03
6.634740e+01 4.318473e-03
6.644740e+01 4.231961e-03
6.654740e+01 4.164743e-03
6.664740e+01 4.121806e-03
6.674740e+01 4.099284e-03
6.684740e+01 4.090477e-03
6.694740e+01 4.084016e-03
6.704740e+01 4.068505e-03
6.714740e+01 4.042297e-03
6.724740e+01 4.005543e-03
6.734740e+01 3.964231e-03
6.744740e+01 3.929542e-03
6.754740e+01 3.910052e-03
6.764740e+01 3.913907e-03
6.774740e+01 3.943342e-03
6.784740e+01 3.995086e-03
6.794740e+01 4.057352e-03
6.804740e+01 4.114563e-03
6.814740e+01 4.147562e-03
6.824740e+01 4.148734e-03
6.834740e+01 4.114563e-03
6.844740e+01 4.055218e-03
6.854740e+01 3.986831e-03
6.864740e+01 3.922630e-03
6.874740e+01 3.872872e-03
6.884740e+01 3.840750e-03
6.894740e+01 3.823088e-03
6.904740e+01 3.813346e-03
6.914740e+01 3.809281e-03
6.924740e+01 3.810685e-03
6.934740e+01 3.821698e-03
6.944740e+01 3.845658e-03
6.954740e+01 3.880446e-03
6.964740e+01 3.918392e-03
6.974740e+01 3.949206e-03
6.984740e+01 3.963311e-03
6.994740e+01 3.953129e-03
7.004740e+01 3.916551e-03
7.014740e+01 3.857954e-03
7.024740e+01 3.782049e-03
7.034740e+01 3.699622e-03
7.044740e+01 3.624465e-03
7.054740e+01 3.563756e-03
7.064740e+01 3.527293e-03
7.074740e+01 3.514459e-03
7.084740e+01 3.521202e-03
7.094740e+01 3.542584e-03
7.104740e+01 3.569441e-03
7.114740e+01 3.595639e-03
7.124740e+01 3.615557e-03
7.134740e+01 3.626623e-03
7.144740e+01 3.624536e-03
7.154740e+01 3.607158e-03
7.164740e+01 3.573623e-03
7.174740e+01 3.523381e-03
7.184740e+01 3.464515e-03
7.194740e+01 3.404169e-03
7.204740e+01 3.355505e-03
7.214740e+01 3.332220e-03
7.224740e+01 3.338562e-03
7.234740e+01 3.378132e-03
7.244740e+01 3.443363e-03
7.254740e+01 3.523306e-03
7.264740e+01 3.600907e-03
7.274740e+01 3.663866e-03
7.284740e+01 3.700209e-03
7.294740e+01 3.707716e-03
7.304740e+01 3.687572e-03
7.314740e+01 3.651543e-03
7.324740e+01 3.607967e-03
7.334740e+01 3.564693e-03
7.344740e+01 3.529628e-03
7.354740e+01 3.505544e-03
7.364740e+01 3.491038e-03
7.374740e+01 3.484843e-03
7.384740e+01 3.488294e-03
7.394740e+01 3.499668e-03
7.404740e+01 3.516785e-03
7.414740e+01 3.537289e-03
7.424740e+01 3.557484e-03
7.434740e+01 3.573631e-03
7.444740e+01 3.587204e-03
7.454740e+01 3.595992e-03
7.464740e+01 3.601626e-03
7.474740e+01 3.608058e-03
7.484740e+01 3.615412e-03
7.494740e+01 3.620867e-03
7.504740e+01 3.621942e-03
7.514740e+01 3.612254e-03
7.524740e+01 3.585762e-03
7.534740e+01 3.544965e-03
7.544740e+01 3.495712e-03
7.554740e+01 3.446989e-03
7.564740e+01 3.407376e-03
7.574740e+01 3.384218e-03
7.584740e+01 3.377967e-03
7.594740e+01 3.386134e-03
7.604740e+01 3.402619e-03
7.614740e+01 3.422279e-03
7.624740e+01 3.433416e-03
7.634740e+01 3.429933e-03
7.644740e+01 3.402250e-03
7.654740e+01 3.354112e-03
7.664740e+01 3.290492e-03
7.674740e+01 3.220730e-03
7.684740e+01 3.157233e-03
7.694740e+01 3.108989e-03
7.704740e+01 3.074255e-03
7.714740e+01 3.051419e-03
7.724740e+01 3.031839e-03
7.734740e+01 3.011316e-03
7.744740e+01 2.986480e-03
7.754740e+01 2.952739e-03
7.764740e+01 2.914116e-03
7.774740e+01 2.870754e-03
7.784740e+01 2.826629e-03
7.794740e+01 2.790374e-03
7.804740e+01 2.767491e-03
7.814740e+01 2.766835e-03
7.824740e+01 2.795143e-03
7.834740e+01 2.851432e-03
7.844740e+01 2.926712e-03
7.854740e+01 3.010765e-03
7.864740e+01 3.086536e-03
7.874740e+01 3.143463e-03
7.884740e+01 3.172152e-03
7.894740e+01 3.174355e-03
7.904740e+01 3.150046e-03
7.914740e+01 3.109454e-03
7.924740e+01 3.060686e-03
7.934740e+01 3.016085e-03
7.944740e+01 2.985870e-03
7.954740e+01 2.975608e-03
7.964740e+01 2.983204e-03
7.974740e+01 3.002800e-03
7.984740e+01 3.024299e-03
7.994740e+01 3.036309e-03
8.004740e+01 3.034690e-03
8.014740e+01 3.020019e-03
8.024740e+01 2.995824e-03
8.034740e+01 2.971580e-03
8.044740e+01 2.954991e-03
8.054740e+01 2.952053e-03
8.064740e+01 2.963154e-03
8.074740e+01 2.983554e-03
8.084740e+01 3.008097e-03
8.094740e+01 3.023488e-03
8.104740e+01 3.022853e-03
8.114740e+01 3.003142e-03
8.124740e+01 2.967248e-03
8.134740e+01 2.919835e-03
8.144740e+01 2.869043e-03
8.154740e+01 2.824780e-03
8.164740e+01 2.791886e-03
8.174740e+01 2.770068e-03
8.184740e+01 2.759438e-03
8.194740e+01 2.757031e-03
8.204740e+01 2.756739e-03
8.214740e+01 2.752932e-03
8.224740e+01 2.737722e-03
8.234740e+01 2.708006e-03
8.244740e+01 2.663269e-03
8.254740e+01 2.607778e-03
8.264740e+01 2.549277e-03
8.274740e+01 2.499744e-03
8.284740e+01 2.466916e-03
8.294740e+01 2.458049e-03
8.304740e+01 2.473564e-03
8.314740e+01 2.510531e-03
8.324740e+01 2.564731e-03
8.334740e+01 2.629358e-03
8.344740e+01 2.698096e-03
8.354740e+01 2.766568e-03
8.364740e+01 2.828506e-03
8.374740e+01 2.876356e-03
8.384740e+01 2.906405e-03
8.394740e+01 2.909406e-03
8.404740e+01 2.882325e-03
8.414740e+01 2.824506e-03
8.424740e+01 2.740953e-03
8.434740e+01 2.644386e-03
8.444740e+01 2.546561e-03
8.454740e+01 2.458337e-03
8.464740e+01 2.386542e-03
8.474740e+01 2.334927e-03
8.484740e+01 2.301227e-03
8.494740e+01 2.282293e-03
8.504740e+01 2.279763e-03
8.514740e+01 2.288919e-03
8.524740e+01 2.308122e-03
8.534740e+01 2.334569e-03
8.544740e+01 2.362800e-03
8.554740e+01 2.387357e-03
8.564740e+01 2.401828e-03
8.574740e+01 2.398849e-03
8.584740e+01 2.373584e-03
8.594740e+01 2.327687e-03
8.604740e+01 2.267464e-03
8.614740e+01 2.201816e-03
8.624740e+01 2.145791e-03
8.634740e+01 2.109787e-03
8.644740e+01 2.103796e-03
8.654740e+01 2.127551e-03
8.664740e+01 2.179145e-03
8.674740e+01 2.251278e-03
8.684740e+01 2.333099e-03
8.694740e+01 2.414097e-03
8.704740e+01 2.476509e-03
8.714740e+01 2.511182e-03
8.724740e+01 2.510796e-03
8.734740e+01 2.477250e-03
8.744740e+01 2.418046e-03
8.754740e+01 2.347588e-03
8.764740e+01 2.278032e-03
8.774740e+01 2.218398e-03
8.784740e+01 2.174571e-03
8.794740e+01 2.147591e-03
8.804740e+01 2.135971e-03
8.814740e+01 2.136862e-03
8.824740e+01 2.145018e-03
8.834740e+01 2.154912e-03
8.844740e+01 2.161563e-03
8.854740e+01 2.159231e-03
8.864740e+01 2.146960e-03
8.874740e+01 2.124957e-03
8.884740e+01 2.096306e-03
8.894740e+01 2.062593e-03
8.904740e+01 2.030055e-03
8.914740e+01 1.999734e-03
8.924740e+01 1.978685e-03
8.934740e+01 1.966783e-03
8.944740e+01 1.967040e-03
8.954740e+01 1.974813e-03
8.964740e+01 1.985934e-03
8.974740e+01 1.992817e-03
8.984740e+01 1.993004e-03
8.994740e+01 1.987453e-03
9.004740e+01 1.978420e-03
9.014740e+01 1.969866e-03
9.024740e+01 1.969583e-03
9.034740e+01 1.980233e-03
9.044740e+01 2.000994e-03
9.054740e+01 2.028385e-03
9.064740e+01 2.059812e-03
9.074740e+01 2.086129e-03
9.084740e+01 2.101604e-03
9.094740e+01 2.101808e-03
9.104740e+01 2.085724e-03
9.114740e+01 2.056228e-03
9.124740e+01 2.020563e-03
9.134740e+01 1.990681e-03
9.144740e+01 1.980713e-03
9.154740e+01 1.997945e-03
9.164740e+01 2.043295e-03
9.174740e+01 2.110495e-03
9.184740e+01 2.186366e-03
9.194740e+01 2.249658e-03
9.204740e+01 2.284655e-03
9.214740e+01 2.281939e-03
9.224740e+01 2.238800e-03
9.234740e+01 2.161838e-03
9.244740e+01 2.063267e-03
9.254740e+01 1.960093e-03
9.264740e+01 1.864682e-03
9.274740e+01 1.791189e-03
9.284740e+01 1.747828e-03
9.294740e+01 1.736331e-03
9.304740e+01 1.753241e-03
9.314740e+01 1.786560e-03
9.324740e+01 1.829065e-03
9.334740e+01 1.867170e-03
9.344740e+01 1.897601e-03
9.354740e+01 1.918304e-03
9.364740e+01 1.929812e-03
9.374740e+01 1.935527e-03
9.384740e+01 1.936655e-03
9.394740e+01 1.932084e-03
9.404740e+01 1.921179e-03
9.414740e+01 1.901940e-03
9.424740e+01 1.874690e-03
9.434740e+01 1.841944e-03
9.444740e+01 1.807718e-03
9.454740e+01 1.773159e-03
9.464740e+01 1.741888e-03
9.474740e+01 1.715827e-03
9.484740e+01 1.696297e-03
9.494740e+01 1.684154e-03
9.504740e+01 1.676773e-03
9.514740e+01 1.680151e-03
9.524740e+01 1.691671e-03
9.534740e+01 1.713910e-03
9.544740e+01 1.746499e-03
9.554740e+01 1.789817e-03
9.564740e+01 1.841767e-03
9.574740e+01 1.897643e-03
9.584740e+01 1.949313e-03
9.594740e+01 1.990341e-03
9.604740e+01 2.018526e-03
9.614740e+01 2.032074e-03
9.624740e+01 2.035681e-03
9.634740e+01 2.032340e-03
9.644740e+01 2.025998e-03
9.654740e+01 2.014596e-03
9.664740e+01 1.996011e-03
9.674740e+01 1.968949e-03
9.684740e+01 1.935945e-03
9.694740e+01 1.903836e-03
9.704740e+01 1.878574e-03
9.714740e+01 1.866171e-03
9.724740e+01 1.870930e-03
9.734740e+01 1.887783e-03
9.744740e+01 1.913787e-03
9.754740e+01 1.939097e-03
9.764740e+01 1.957702e-03
9.774740e+01 1.965715e-03
9.784740e+01 1.963844e-03
9.794740e+01 1.953208e-03
9.804740e+01 1.943197e-03
9.814740e+01 1.940606e-03
9.824740e+01 1.952358e-03
9.834740e+01 1.982905e-03
9.844740e+01 2.032928e-03
9.854740e+01 2.094833e-03
9.864740e+01 2.164091e-03
9.874740e+01 2.229060e-03
9.884740e+01 2.281100e-03
9.894740e+01 2.316212e-03
9.904740e+01 2.330870e-03
9.914740e+01 2.327972e-03
9.924740e+01 2.311779e-03
9.934740e+01 2.291620e-03
9.944740e+01 2.276008e-03
9.954740e+01 2.276408e-03
9.964740e+01 2.302175e-03
9.974740e+01 2.359389e-03
9.984740e+01 2.449017e-03
9.994740e+01 2.571689e-03
1.000474e+02 2.722382e-03
1.001474e+02 2.893002e-03
1.002474e+02 3.074920e-03
1.003474e+02 3.256845e-03
1.004474e+02 3.427415e-03
1.005474e+02 3.574029e-03
1.006474e+02 3.676830e-03
1.007474e+02 3.723262e-03
1.008474e+02 3.696176e-03
1.009474e+02 3.587435e-03
1.010474e+02 3.397505e-03
1.011474e+02 3.141059e-03
1.012474e+02 2.839384e-03
1.013474e+02 2.519298e-03
1.014474e+02 2.209389e-03
1.015474e+02 1.929562e-03
1.016474e+02 1.689746e-03
1.017474e+02 1.494610e-03
1.018474e+02 1.339263e-03
1.019474e+02 1.219706e-03
1.020474e+02 1.132770e-03
1.021474e+02 1.075296e-03
1.022474e+02 1.048032e-03
1.023474e+02 1.046542e-03
1.024474e+02 1.071660e-03
1.025474e+02 1.113083e-03
1.026474e+02 1.164066e-03
1.027474e+02 1.212264e-03
1.028474e+02 1.253122e-03
1.029474e+02 1.281194e-03
1.030474e+02 1.296162e-03
1.031474e+02 1.300643e-03
1.032474e+02 1.298073e-03
1.033474e+02 1.287034e-03
1.034474e+02 1.269523e-03
1.035474e+02 1.239746e-03
1.036474e+02 1.197098e-03
1.037474e+02 1.138918e-03
1.038474e+02 1.068282e-03
1.039474e+02 9.907976e-04
1.040474e+02 9.237550e-04
1.041474e+02 8.763131e-04
1.042474e+02 8.602268e-04
1.043474e+02 8.800039e-04
1.044474e+02 9.284688e-04
1.045474e+02 9.907216e-04
1.046474e+02 1.054738e-03
1.047474e+02 1.107542e-03
1.048474e+02 1.144768e-03
1.049474e+02 1.164580e-03
1.050474e+02 1.173820e-03
1.051474e+02 1.176668e-03
1.052474e+02 1.179554e-03
1.053474e+02 1.186657e-03
1.054474e+02 1.196615e-03
1.055474e+02 1.209361e-03
1.056474e+02 1.224891e-03
1.057474e+02 1.238893e-03
1.058474e+02 1.251290e-03
1.059474e+02 1.257418e-03
1.060474e+02 1.258562e-03
1.061474e+02 1.254361e-03
1.062474e+02 1.246166e-03
1.063474e+02 1.234504e-03
1.064474e+02 1.223867e-03
1.065474e+02 1.212602e-03
1.066474e+02 1.203367e-03
1.067474e+02 1.191378e-03
1.068474e+02 1.176921e-03
1.069474e+02 1.160697e-03
1.070474e+02 1.144237e-03
1.071474e+02 1.136998e-03
1.072474e+02 1.145026e-03
1.073474e+02 1.170605e-03
1.074474e+02 1.211308e-03
1.075474e+02 1.252270e-03
1.076474e+02 1.280263e-03
1.077474e+02 1.282060e-03
1.078474e+02 1.254202e-03
1.079474e+02 1.197055e-03
1.080474e+02 1.119933e-03
1.081474e+02 1.036448e-03
1.082474e+02 9.606167e-04
1.083474e+02 9.006341e-04
1.084474e+02 8.634579e-04
1.085474e+02 8.505714e-04
1.086474e+02 8.604498e-04
1.087474e+02 8.867868e-04
1.088474e+02 9.231450e-04
1.089474e+02 9.633672e-04
1.090474e+02 1.000884e-03
1.091474e+02 1.033300e-03
1.092474e+02 1.062177e-03
1.093474e+02 1.088662e-03
1.094474e+02 1.117863e-03
1.095474e+02 1.148115e-03
1.096474e+02 1.179118e-03
1.097474e+02 1.204215e-03
1.098474e+02 1.218461e-03
1.099474e+02 1.222383e-03
1.100474e+02 1.213723e-03
1.101474e+02 1.196580e-03
1.102474e+02 1.169862e-03
1.103474e+02 1.135957e-03
1.104474e+02 1.092190e-03
1.105474e+02 1.039907e-03
1.106474e+02 9.831811e-04
1.107474e+02 9.273159e-04
1.108474e+02 8.811019e-04
1.109474e+02 8.527921e-04
1.110474e+02 8.457999e-04
1.111474e+02 8.625956e-04
1.112474e+02 9.008782e-04
1.113474e+02 9.531653e-04
1.114474e+02 1.012937e-03
1.115474e+02 1.069440e-03
1.116474e+02 1.113291e-03
1.117474e+02 1.140642e-03
1.118474e+02 1.148186e-03
1.119474e+02 1.138210e-03
1.120474e+02 1.115521e-03
1.121474e+02 1.085867e-03
1.122474e+02 1.056282e-03
1.123474e+02 1.032764e-03
1.124474e+02 1.023012e-03
1.125474e+02 1.026448e-03
1.126474e+02 1.041597e-03
1.127474e+02 1.066571e-03
1.128474e+02 1.092643e-03
1.129474e+02 1.112449e-03
1.130474e+02 1.123001e-03
1.131474e+02 1.122679e-03
1.132474e+02 1.113223e-03
1.133474e+02 1.099390e-03
1.134474e+02 1.088952e-03
1.135474e+02 1.085730e-03
1.136474e+02 1.090483e-03
1.137474e+02 1.102207e-03
1.138474e+02 1.116487e-03
1.139474e+02 1.124270e-03
1.140474e+02 1.118285e-03
1.141474e+02 1.093934e-03
1.142474e+02 1.047099e-03
1.143474e+02 9.844641e-04
1.144474e+02 9.112847e-04
1.145474e+02 8.387634e-04
1.146474e+02 7.729035e-04
1.147474e+02 7.180546e-04
1.148474e+02 6.795049e-04
1.149474e+02 6.581553e-04
1.150474e+02 6.566630e-04
1.151474e+02 6.763029e-04
1.152474e+02 7.152600e-04
1.153474e+02 7.665129e-04
1.154474e+02 8.217969e-04
1.155474e+02 8.676507e-04
1.156474e+02 8.941632e-04
1.157474e+02 8.960813e-04
1.158474e+02 8.743099e-04
1.159474e+02 8.336004e-04
1.160474e+02 7.843282e-04
1.161474e+02 7.338185e-04
1.162474e+02 6.914736e-04
1.163474e+02 6.628228e-04
1.164474e+02 6.510971e-04
1.165474e+02 6.536581e-04
1.166474e+02 6.684180e-04
1.167474e+02 6.908923e-04
1.168474e+02 7.179577e-04
1.169474e+02 7.478471e-04
1.170474e+02 7.825449e-04
1.171474e+02 8.178752e-04
1.172474e+02 8.525851e-04
1.173474e+02 8.805544e-04
1.174474e+02 8.939319e-04
1.175474e+02 8.886733e-04
1.176474e+02 8.629625e-04
1.177474e+02 8.149625e-04
1.178474e+02 7.484206e-04
1.179474e+02 6.674792e-04
1.180474e+02 5.792753e-04
1.181474e+02 4.888188e-04
1.182474e+02 4.028264e-04
1.183474e+02 3.310906e-04
1.184474e+02 2.796487e-04
1.185474e+02 2.515442e-04
1.186474e+02 2.542077e-04
1.187474e+02 2.881215e-04
1.188474e+02 3.511909e-04
1.189474e+02 4.390894e-04
1.190474e+02 5.401297e-04
1.191474e+02 6.452356e-04
1.192474e+02 7.431579e-04
1.193474e+02 8.236088e-04
1.194474e+02 8.831429e-04
1.195474e+02 9.144891e-04
1.196474e+02 9.228162e-04
1.197474e+02 9.080985e-04
1.198474e+02 8.759096e-04
1.199474e+02 8.322279e-04
1.200474e+02 7.843884e-04
1.201474e+02 7.328816e-04
1.202474e+02 6.868012e-04
1.203474e+02 6.491541e-04
1.204474e+02 6.256037e-04
1.205474e+02 6.203813e-04
1.206474e+02 6.373721e-04
1.207474e+02 6.756818e-04
1.208474e+02 7.314780e-04
1.209474e+02 7.918474e-04
1.210474e+02 8.473665e-04
1.211474e+02 8.817826e-04
1.212474e+02 8.916999e-04
1.213474e+02 8.768008e-04
1.214474e+02 8.405358e-04
1.215474e+02 7.974990e-04
1.216474e+02 7.553183e-04
1.217474e+02 7.233286e-04
1.218474e+02 7.074422e-04
1.219474e+02 7.029650e-04
1.220474e+02 7.082659e-04
1.221474e+02 7.175292e-04
1.222474e+02 7.247972e-04
1.223474e+02 7.245125e-04
1.224474e+02 7.170583e-04
1.225474e+02 6.989170e-04
1.226474e+02 6.714154e-04
1.227474e+02 6.349939e-04
1.228474e+02 5.914601e-04
1.229474e+02 5.506969e-04
1.230474e+02 5.190466e-04
1.231474e+02 5.020387e-04
1.232474e+02 5.064441e-04
1.233474e+02 5.270123e-04
1.234474e+02 5.585640e-04
1.235474e+02 5.942136e-04
1.236474e+02 6.270766e-04
1.237474e+02 6.527979e-04
1.238474e+02 6.747430e-04
1.239474e+02 6.946301e-04
1.240474e+02 7.159476e-04
1.241474e+02 7.392384e-04
1.242474e+02 7.608671e-04
1.243474e+02 7.784280e-04
1.244474e+02 7.868508e-04
1.245474e+02 7.848913e-04
1.246474e+02 7.690521e-04
1.247474e+02 7.382991e-04
1.248474e+02 6.946033e-04
1.249474e+02 6.382261e-04
1.250474e+02 5.758553e-04
1.251474e+02 5.168429e-04
1.252474e+02 4.714337e-04
1.253474e+02 4.487782e-04
1.254474e+02 4.555056e-04
1.255474e+02 4.906639e-04
1.256474e+02 5.468225e-04
1.257474e+02 6.139003e-04
1.258474e+02 6.824518e-04
1.259474e+02 7.450279e-04
1.260474e+02 7.957612e-04
1.261474e+02 8.343211e-04
1.262474e+02 8.626224e-04
1.263474e+02 8.766861e-04
1.264474e+02 8.731924e-04
1.265474e+02 8.497584e-04
1.266474e+02 8.023403e-04
1.267474e+02 7.312491e-04
1.268474e+02 6.432052e-04
1.269474e+02 5.469053e-04
1.270474e+02 4.586926e-04
1.271474e+02 3.926512e-04
1.272474e+02 3.648483e-04
1.273474e+02 3.775461e-04
1.274474e+02 4.334849e-04
1.275474e+02 5.199653e-04
1.276474e+02 6.240852e-04
1.277474e+02 7.239383e-04
1.278474e+02 8.054280e-04
1.279474e+02 8.570112e-04
1.280474e+02 8.765352e-04
1.281474e+02 8.665182e-04
1.282474e+02 8.355094e-04
1.283474e+02 7.956167e-04
1.284474e+02 7.530671e-04
1.285474e+02 7.132619e-04
1.286474e+02 6.790596e-04
1.287474e+02 6.506406e-04
1.288474e+02 6.315171e-04
1.289474e+02 6.223862e-04
1.290474e+02 6.293953e-04
1.291474e+02 6.523114e-04
1.292474e+02 6.913607e-04
1.293474e+02 7.378662e-04
1.294474e+02 7.858697e-04
1.295474e+02 8.281780e-04
1.296474e+02 8.558911e-04
1.297474e+02 8.609376e-04
1.298474e+02 8.438021e-04
1.299474e+02 8.005468e-04
1.300474e+02 7.358605e-04
1.301474e+02 6.581468e-04
1.302474e+02 5.792441e-04
1.303474e+02 5.127809e-04
1.304474e+02 4.676830e-04
1.305474e+02 4.530175e-04
1.306474e+02 4.676040e-04
1.307474e+02 5.047273e-04
1.308474e+02 5.545982e-04
1.309474e+02 6.040693e-04
1.310474e+02 6.424494e-04
1.311474e+02 6.672999e-04
1.312474e+02 6.769233e-04
1.313474e+02 6.773947e-04
1.314474e+02 6.793578e-04
1.315474e+02 6.903693e-04
1.316474e+02 7.137333e-04
1.317474e+02 7.484409e-04
1.318474e+02 7.867086e-04
1.319474e+02 8.169251e-04
1.320474e+02 8.296691e-04
1.321474e+02 8.180589e-04
1.322474e+02 7.811722e-04
1.323474e+02 7.228147e-04
1.324474e+02 6.528846e-04
1.325474e+02 5.773983e-04
1.326474e+02 5.024504e-04
1.327474e+02 4.333259e-04
1.328474e+02 3.770308e-04
1.329474e+02 3.418147e-04
1.330474e+02 3.355256e-04
1.331474e+02 3.628805e-04
1.332474e+02 4.225859e-04
1.333474e+02 5.111629e-04
1.334474e+02 6.130996e-04
1.335474e+02 7.188899e-04
1.336474e+02 8.117676e-04
1.337474e+02 8.826742e-04
1.338474e+02 9.213656e-04
1.339474e+02 9.253023e-04
1.340474e+02 8.932253e-04
1.341474e+02 8.256352e-04
1.342474e+02 7.329313e-04
1.343474e+02 6.275634e-04
1.344474e+02 5.254025e-04
1.345474e+02 4.439739e-04
1.346474e+02 3.926210e-04
1.347474e+02 3.777692e-04
1.348474e+02 3.977370e-04
1.349474e+02 4.435592e-04
1.350474e+02 5.045881e-04
1.351474e+02 5.667142e-04
1.352474e+02 6.183729e-04
1.353474e+02 6.531314e-04
1.354474e+02 6.693339e-04
1.355474e+02 6.674958e-04
1.356474e+02 6.537138e-04
1.357474e+02 6.323478e-04
1.358474e+02 6.103223e-04
1.359474e+02 5.889910e-04
1.360474e+02 5.692644e-04
1.361474e+02 5.533870e-04
1.362474e+02 5.387957e-04
1.363474e+02 5.203110e-04
1.364474e+02 4.960264e-04
1.365474e+02 4.622542e-04
1.366474e+02 4.209111e-04
1.367474e+02 3.777515e-04
1.368474e+02 3.415530e-04
1.369474e+02 3.255522e-04
1.370474e+02 3.335806e-04
1.371474e+02 3.687435e-04
1.372474e+02 4.217374e-04
1.373474e+02 4.819240e-04
1.374474e+02 5.330205e-04
1.375474e+02 5.634131e-04
1.376474e+02 5.648513e-04
1.377474e+02 5.359889e-04
1.378474e+02 4.842158e-04
1.379474e+02 4.212149e-04
1.380474e+02 3.634985e-04
1.381474e+02 3.240745e-04
1.382474e+02 3.107359e-04
1.383474e+02 3.217573e-04
1.384474e+02 3.515664e-04
1.385474e+02 3.915053e-04
1.386474e+02 4.363911e-04
1.387474e+02 4.826822e-04
1.388474e+02 5.272486e-04
1.389474e+02 5.729793e-04
1.390474e+02 6.128600e-04
1.391474e+02 6.476721e-04
1.392474e+02 6.695924e-04
1.393474e+02 6.785930e-04
1.394474e+02 6.720565e-04
1.395474e+02 6.508561e-04
1.396474e+02 6.162844e-04
1.397474e+02 5.705304e-04
1.398474e+02 5.196223e-04
1.399474e+02 4.717183e-04
1.400474e+02 4.341641e-04
1.401474e+02 4.139023e-04
1.402474e+02 4.162365e-04
1.403474e+02 4.358075e-04
1.404474e+02 4.634255e-04
1.405474e+02 4.901760e-04
1.406474e+02 5.074824e-04
1.407474e+02 5.122306e-04
1.408474e+02 5.033498e-04
1.409474e+02 4.827642e-04
1.410474e+02 4.567575e-04
1.411474e+02 4.291378e-04
1.412474e+02 4.033603e-04
1.413474e+02 3.824653e-04
1.414474e+02 3.692129e-04
1.415474e+02 3.658906e-04
1.416474e+02 3.735602e-04
1.417474e+02 3.930975e-04
1.418474e+02 4.257348e-04
1.419474e+02 4.695778e-04
1.420474e+02 5.196694e-04
1.421474e+02 5.719472e-04
1.422474e+02 6.168801e-04
1.423474e+02 6.486172e-04
1.424474e+02 6.600723e-04
1.425474e+02 6.519425e-04
1.426474e+02 6.239005e-04
1.427474e+02 5.806078e-04
1.428474e+02 5.265883e-04
1.429474e+02 4.710754e-04
1.430474e+02 4.207663e-04
1.431474e+02 3.863780e-04
1.432474e+02 3.714409e-04
1.433474e+02 3.769499e-04
1.434474e+02 3.988337e-04
1.435474e+02 4.273486e-04
1.436474e+02 4.518621e-04
1.437474e+02 4.612657e-04
1.438474e+02 4.534764e-04
1.439474e+02 4.310684e-04
1.440474e+02 4.059273e-04
1.441474e+02 3.907718e-04
1.442474e+02 3.964930e-04
1.443474e+02 4.233286e-04
1.444474e+02 4.660540e-04
1.445474e+02 5.100202e-04
1.446474e+02 5.429000e-04
1.447474e+02 5.514156e-04
1.448474e+02 5.296660e-04
1.449474e+02 4.819346e-04
1.450474e+02 4.168022e-04
1.451474e+02 3.429702e-04
1.452474e+02 2.737782e-04
1.453474e+02 2.193313e-04
1.454474e+02 1.892466e-04
1.455474e+02 1.846516e-04
1.456474e+02 2.022314e-04
1.457474e+02 2.360069e-04
1.458474e+02 2.798033e-04
1.459474e+02 3.282058e-04
1.460474e+02 3.762155e-04
1.461474e+02 4.236208e-04
1.462474e+02 4.672736e-04
1.463474e+02 5.093540e-04
1.464474e+02 5.447331e-04
1.465474e+02 5.718340e-04
1.466474e+02 5.911372e-04
1.467474e+02 5.984745e-04
1.468474e+02 5.969273e-04
1.469474e+02 5.882149e-04
1.470474e+02 5.787744e-04
1.471474e+02 5.737450e-04
1.472474e+02 5.752582e-04
1.473474e+02 5.858555e-04
1.474474e+02 5.995314e-04
1.475474e+02 6.089812e-04
1.476474e+02 6.107286e-04
1.477474e+02 5.978135e-04
1.478474e+02 5.706545e-04
1.479474e+02 5.322672e-04
1.480474e+02 4.852567e-04
1.481474e+02 4.361214e-04
1.482474e+02 3.874628e-04
1.483474e+02 3.409899e-04
1.484474e+02 2.975838e-04
1.485474e+02 2.589394e-04
1.486474e+02 2.280419e-04
1.487474e+02 2.110083e-04
1.488474e+02 2.155947e-04
1.489474e+02 2.479127e-04
1.490474e+02 3.092941e-04
1.491474e+02 3.924652e-04
1.492474e+02 4.844905e-04
1.493474e+02 5.710140e-04
1.494474e+02 6.385100e-04
1.495474e+02 6.751701e-04
1.496474e+02 6.821087e-04
1.497474e+02 6.609875e-04
1.498474e+02 6.222137e-04
1.499474e+02 5.745527e-04
1.500474e+02 5.290213e-04
1.501474e+02 4.867921e-04
1.502474e+02 4.489698e-04
1.503474e+02 4.083908e-04
1.504474e+02 3.637708e-04
1.505474e+02 3.119147e-04
1.506474e+02 -6.605080e-05
