3.200700e-02 0.000000e+00
1.320070e-01 -7.639452e-06
2.320070e-01 -1.382380e-05
3.320070e-01 -2.146253e-05
4.320070e-01 -2.792529e-05
5.320070e-01 -3.556232e-05
6.320070e-01 -4.174327e-05
7.320070e-01 -4.937763e-05
8.320070e-01 -5.583506e-05
9.320070e-01 -6.318615e-05
1.032007e+00 -7.081468e-05
1.132007e+00 -7.726556e-05
1.232007e+00 -8.460938e-05
1.332007e+00 -9.105468e-05
1.432007e+00 -9.867206e-05
1.532007e+00 -1.051108e-04
1.632007e+00 -1.124415e-04
1.732007e+00 -1.188728e-04
1.832007e+00 -1.264751e-04
1.932007e+00 -1.337935e-04
2.032007e+00 -1.402116e-04
2.132007e+00 -1.478001e-04
2.232007e+00 -1.539287e-04
2.332007e+00 -1.615068e-04
2.432007e+00 -1.679040e-04
2.532007e+00 -1.754707e-04
2.632007e+00 -1.815765e-04
2.732007e+00 -1.891308e-04
2.832007e+00 -1.966786e-04
2.932007e+00 -2.027647e-04
3.032007e+00 -2.102986e-04
3.132007e+00 -2.166501e-04
3.232007e+00 -2.238896e-04
3.332007e+00 -2.302257e-04
3.432007e+00 -2.377291e-04
3.532007e+00 -2.440490e-04
3.632007e+00 -2.512560e-04
3.732007e+00 -2.587339e-04
3.832007e+00 -2.650276e-04
3.932007e+00 -2.722077e-04
4.032007e+00 -2.784827e-04
4.132007e+00 -9.742163e-05
4.232007e+00 1.323900e-04
4.332007e+00 3.999261e-04
4.432007e+00 6.880049e-04
4.532007e+00 9.739612e-04
4.632007e+00 1.236025e-03
4.732007e+00 1.457185e-03
4.832007e+00 1.628991e-03
4.932007e+00 1.750102e-03
5.032007e+00 1.829195e-03
5.132007e+00 1.881718e-03
5.232007e+00 1.925470e-03
5.332007e+00 1.974165e-03
5.432007e+00 2.043530e-03
5.532007e+00 2.142523e-03
5.632007e+00 2.279764e-03
5.732007e+00 2.454692e-03
5.832007e+00 2.665742e-03
5.932007e+00 2.906924e-03
6.032007e+00 3.167377e-03
6.132007e+00 3.434787e-03
6.232007e+00 3.694712e-03
6.332007e+00 3.935954e-03
6.432007e+00 4.148606e-03
6.532007e+00 4.324271e-03
6.632007e+00 4.462670e-03
6.732007e+00 4.564195e-03
6.832007e+00 4.636404e-03
6.932007e+00 4.685177e-03
7.032007e+00 4.721989e-03
7.132007e+00 4.755967e-03
7.232007e+00 4.797634e-03
7.332007e+00 4.855163e-03
7.432007e+00 4.934823e-03
7.532007e+00 5.042268e-03
7.632007e+00 5.179568e-03
7.732007e+00 5.347281e-03
7.832007e+00 5.543617e-03
7.932007e+00 5.764994e-03
8.032007e+00 6.009005e-03
8.132007e+00 6.270332e-03
8.232007e+00 6.543600e-03
8.332007e+00 6.826674e-03
8.432007e+00 7.115351e-03
8.532007e+00 7.405758e-03
8.632007e+00 7.694304e-03
8.732007e+00 7.981261e-03
8.832007e+00 8.265728e-03
8.932007e+00 8.550333e-03
9.032007e+00 8.840277e-03
9.132007e+00 9.140210e-03
9.232007e+00 9.457970e-03
9.332007e+00 9.797311e-03
9.432007e+00 1.016059e-02
9.532007e+00 1.054490e-02
9.632007e+00 1.094941e-02
9.732007e+00 1.136829e-02
9.832007e+00 1.179774e-02
9.932007e+00 1.223215e-02
1.003201e+01 1.266820e-02
1.013201e+01 1.310085e-02
1.023201e+01 1.352863e-02
1.033201e+01 1.394654e-02
1.043201e+01 1.435437e-02
1.053201e+01 1.475069e-02
1.063201e+01 1.513383e-02
1.073201e+01 1.550497e-02
1.083201e+01 1.586557e-02
1.093201e+01 1.621820e-02
1.103201e+01 1.656462e-02
1.113201e+01 1.690824e-02
1.123201e+01 1.724880e-02
1.133201e+01 1.758949e-02
1.143201e+01 1.793003e-02
1.153201e+01 1.827160e-02
1.163201e+01 1.861565e-02
1.173201e+01 1.896307e-02
1.183201e+01 1.931620e-02
1.193201e+01 1.967681e-02
1.203201e+01 2.004675e-02
1.213201e+01 2.042605e-02
1.223201e+01 2.081330e-02
1.233201e+01 2.120558e-02
1.243201e+01 2.159646e-02
1.253201e+01 2.198261e-02
1.263201e+01 2.235782e-02
1.273201e+01 2.271936e-02
1.283201e+01 2.306888e-02
1.293201e+01 2.341278e-02
1.303201e+01 2.376011e-02
1.313201e+01 2.411737e-02
1.323201e+01 2.449630e-02
1.333201e+01 2.490109e-02
1.343201e+01 2.533292e-02
1.353201e+01 2.578975e-02
1.363201e+01 2.626423e-02
1.373201e+01 2.674846e-02
1.383201e+01 2.723190e-02
1.393201e+01 2.770546e-02
1.403201e+01 2.816151e-02
1.413201e+01 2.859589e-02
1.423201e+01 2.900529e-02
1.433201e+01 2.939281e-02
1.443201e+01 2.976243e-02
1.453201e+01 3.012057e-02
1.463201e+01 3.047248e-02
1.473201e+01 3.082555e-02
1.483201e+01 3.118307e-02
1.493201e+01 3.155036e-02
1.503201e+01 3.192193e-02
1.513201e+01 3.229307e-02
1.523201e+01 3.265880e-02
1.533201e+01 3.301032e-02
1.543201e+01 3.334024e-02
1.553201e+01 3.364909e-02
1.563201e+01 3.393715e-02
1.573201e+01 3.420883e-02
1.583201e+01 3.447266e-02
1.593201e+01 3.473576e-02
1.603201e+01 3.500812e-02
1.613201e+01 3.529885e-02
1.623201e+01 3.561230e-02
1.633201e+01 3.595049e-02
1.643201e+01 3.631390e-02
1.653201e+01 3.669631e-02
1.663201e+01 3.708769e-02
1.673201e+01 3.748272e-02
1.683201e+01 3.787082e-02
1.693201e+01 3.824962e-02
1.703201e+01 3.861448e-02
1.713201e+01 3.896779e-02
1.723201e+01 3.931105e-02
1.733201e+01 3.964777e-02
1.743201e+01 3.997912e-02
1.753201e+01 4.030238e-02
1.763201e+01 4.061635e-02
1.773201e+01 4.091306e-02
1.783201e+01 4.118841e-02
1.793201e+01 4.143944e-02
1.803201e+01 4.166703e-02
1.813201e+01 4.187670e-02
1.823201e+01 4.207755e-02
1.833201e+01 4.227890e-02
1.843201e+01 4.248807e-02
1.853201e+01 4.270976e-02
1.863201e+01 4.294193e-02
1.873201e+01 4.317586e-02
1.883201e+01 4.340246e-02
1.893201e+01 4.360773e-02
1.903201e+01 4.378579e-02
1.913201e+01 4.393427e-02
1.923201e+01 4.405572e-02
1.933201e+01 4.416149e-02
1.943201e+01 4.426413e-02
1.953201e+01 4.437589e-02
1.963201e+01 4.450851e-02
1.973201e+01 4.466285e-02
1.983201e+01 4.483685e-02
1.993201e+01 4.501934e-02
2.003201e+01 4.519768e-02
2.013201e+01 4.535657e-02
2.023201e+01 4.548018e-02
2.033201e+01 4.556117e-02
2.043201e+01 4.559549e-02
2.053201e+01 4.558700e-02
2.063201e+01 4.554805e-02
2.073201e+01 4.549183e-02
2.083201e+01 4.543623e-02
2.093201e+01 4.539438e-02
2.103201e+01 4.537533e-02
2.113201e+01 4.538314e-02
2.123201e+01 4.541399e-02
2.133201e+01 4.546059e-02
2.143201e+01 4.551414e-02
2.153201e+01 4.556439e-02
2.163201e+01 4.560394e-02
2.173201e+01 4.562627e-02
2.183201e+01 4.562428e-02
2.193201e+01 4.559497e-02
2.203201e+01 4.553335e-02
2.213201e+01 4.543830e-02
2.223201e+01 4.530840e-02
2.233201e+01 4.514806e-02
2.243201e+01 4.495994e-02
2.253201e+01 4.475692e-02
2.263201e+01 4.454568e-02
2.273201e+01 4.433735e-02
2.283201e+01 4.414304e-02
2.293201e+01 4.396655e-02
2.303201e+01 4.381430e-02
2.313201e+01 4.368426e-02
2.323201e+01 4.356994e-02
2.333201e+01 4.346461e-02
2.343201e+01 4.335424e-02
2.353201e+01 4.323092e-02
2.363201e+01 4.308470e-02
2.373201e+01 4.291524e-02
2.383201e+01 4.272489e-02
2.393201e+01 4.251975e-02
2.403201e+01 4.230832e-02
2.413201e+01 4.209355e-02
2.423201e+01 4.187660e-02
2.433201e+01 4.165485e-02
2.443201e+01 4.141972e-02
2.453201e+01 4.116353e-02
2.463201e+01 4.087683e-02
2.473201e+01 4.055990e-02
2.483201e+01 4.021309e-02
2.493201e+01 3.984467e-02
2.503201e+01 3.946798e-02
2.513201e+01 3.909863e-02
2.523201e+01 3.874988e-02
2.533201e+01 3.843115e-02
2.543201e+01 3.814588e-02
2.553201e+01 3.789138e-02
2.563201e+01 3.765818e-02
2.573201e+01 3.743687e-02
2.583201e+01 3.721568e-02
2.593201e+01 3.698554e-02
2.603201e+01 3.674064e-02
2.613201e+01 3.647570e-02
2.623201e+01 3.619248e-02
2.633201e+01 3.589300e-02
2.643201e+01 3.558158e-02
2.653201e+01 3.526545e-02
2.663201e+01 3.494873e-02
2.673201e+01 3.463495e-02
2.683201e+01 3.432715e-02
2.693201e+01 3.402691e-02
2.703201e+01 3.373026e-02
2.713201e+01 3.343413e-02
2.723201e+01 3.313768e-02
2.733201e+01 3.283888e-02
2.743201e+01 3.254121e-02
2.753201e+01 3.224835e-02
2.763201e+01 3.196634e-02
2.773201e+01 3.169973e-02
2.783201e+01 3.144931e-02
2.793201e+01 3.121152e-02
2.803201e+01 3.098078e-02
2.813201e+01 3.074985e-02
2.823201e+01 3.050918e-02
2.833201e+01 3.025422e-02
2.843201e+01 2.997983e-02
2.853201e+01 2.968992e-02
2.863201e+01 2.938718e-02
2.873201e+01 2.907482e-02
2.883201e+01 2.875841e-02
2.893201e+01 2.844289e-02
2.903201e+01 2.813237e-02
2.913201e+01 2.783211e-02
2.923201e+01 2.754567e-02
2.933201e+01 2.727921e-02
2.943201e+01 2.703456e-02
2.953201e+01 2.681261e-02
2.963201e+01 2.661164e-02
2.973201e+01 2.642401e-02
2.983201e+01 2.624178e-02
2.993201e+01 2.605344e-02
3.003201e+01 2.584988e-02
3.013201e+01 2.562402e-02
3.023201e+01 2.537415e-02
3.033201e+01 2.510244e-02
3.043201e+01 2.481394e-02
3.053201e+01 2.451878e-02
3.063201e+01 2.422818e-02
3.073201e+01 2.395130e-02
3.083201e+01 2.369371e-02
3.093201e+01 2.345656e-02
3.103201e+01 2.323685e-02
3.113201e+01 2.302840e-02
3.123201e+01 2.282322e-02
3.133201e+01 2.261955e-02
3.143201e+01 2.241415e-02
3.153201e+01 2.220974e-02
3.163201e+01 2.201489e-02
3.173201e+01 2.183384e-02
3.183201e+01 2.167752e-02
3.193201e+01 2.154870e-02
3.203201e+01 2.144948e-02
3.213201e+01 2.137726e-02
3.223201e+01 2.132592e-02
3.233201e+01 2.128665e-02
3.243201e+01 2.124802e-02
3.253201e+01 2.119797e-02
3.263201e+01 2.112272e-02
3.273201e+01 2.101577e-02
3.283201e+01 2.086831e-02
3.293201e+01 2.067977e-02
3.303201e+01 2.045398e-02
3.313201e+01 2.020246e-02
3.323201e+01 1.993379e-02
3.333201e+01 1.966507e-02
3.343201e+01 1.940426e-02
3.353201e+01 1.916053e-02
3.363201e+01 1.893499e-02
3.373201e+01 1.872589e-02
3.383201e+01 1.852764e-02
3.393201e+01 1.833322e-02
3.403201e+01 1.813946e-02
3.413201e+01 1.794435e-02
3.423201e+01 1.774997e-02
3.433201e+01 1.755520e-02
3.443201e+01 1.736507e-02
3.453201e+01 1.717900e-02
3.463201e+01 1.699558e-02
3.473201e+01 1.681257e-02
3.483201e+01 1.662770e-02
3.493201e+01 1.644252e-02
3.503201e+01 1.625538e-02
3.513201e+01 1.607251e-02
3.523201e+01 1.589482e-02
3.533201e+01 1.572642e-02
3.543201e+01 1.556784e-02
3.553201e+01 1.541841e-02
3.563201e+01 1.527513e-02
3.573201e+01 1.513529e-02
3.583201e+01 1.499331e-02
3.593201e+01 1.484660e-02
3.603201e+01 1.469461e-02
3.613201e+01 1.453888e-02
3.623201e+01 1.438420e-02
3.633201e+01 1.423528e-02
3.643201e+01 1.409512e-02
3.653201e+01 1.396283e-02
3.663201e+01 1.383760e-02
3.673201e+01 1.371184e-02
3.683201e+01 1.357913e-02
3.693201e+01 1.343453e-02
3.703201e+01 1.327425e-02
3.713201e+01 1.309799e-02
3.723201e+01 1.290812e-02
3.733201e+01 1.271139e-02
3.743201e+01 1.251517e-02
3.753201e+01 1.232562e-02
3.763201e+01 1.215037e-02
3.773201e+01 1.199119e-02
3.783201e+01 1.185009e-02
3.793201e+01 1.172474e-02
3.803201e+01 1.161072e-02
3.813201e+01 1.150189e-02
3.823201e+01 1.139094e-02
3.833201e+01 1.127234e-02
3.843201e+01 1.114084e-02
3.853201e+01 1.099501e-02
3.863201e+01 1.083433e-02
3.873201e+01 1.066615e-02
3.883201e+01 1.049256e-02
3.893201e+01 1.032445e-02
3.903201e+01 1.016801e-02
3.913201e+01 1.002794e-02
3.923201e+01 9.907193e-03
3.933201e+01 9.803472e-03
3.943201e+01 9.713543e-03
3.953201e+01 9.626891e-03
3.963201e+01 9.537918e-03
3.973201e+01 9.436323e-03
3.983201e+01 9.320592e-03
3.993201e+01 9.190382e-03
4.003201e+01 9.051175e-03
4.013201e+01 8.914383e-03
4.023201e+01 8.786162e-03
4.033201e+01 8.677706e-03
4.043201e+01 8.589968e-03
4.053201e+01 8.522170e-03
4.063201e+01 8.468214e-03
4.073201e+01 8.420491e-03
4.083201e+01 8.369603e-03
4.093201e+01 8.308444e-03
4.103201e+01 8.231979e-03
4.113201e+01 8.138702e-03
4.123201e+01 8.026544e-03
4.133201e+01 7.897861e-03
4.143201e+01 7.754784e-03
4.153201e+01 7.600841e-03
4.163201e+01 7.440790e-03
4.173201e+01 7.284031e-03
4.183201e+01 7.137278e-03
4.193201e+01 7.007575e-03
4.203201e+01 6.903089e-03
4.213201e+01 6.823813e-03
4.223201e+01 6.767671e-03
4.233201e+01 6.729398e-03
4.243201e+01 6.699589e-03
4.253201e+01 6.670350e-03
4.263201e+01 6.630823e-03
4.273201e+01 6.576583e-03
4.283201e+01 6.504101e-03
4.293201e+01 6.415669e-03
4.303201e+01 6.316543e-03
4.313201e+01 6.214608e-03
4.323201e+01 6.116912e-03
4.333201e+01 6.030837e-03
4.343201e+01 5.960239e-03
4.353201e+01 5.907183e-03
4.363201e+01 5.866401e-03
4.373201e+01 5.830833e-03
4.383201e+01 5.792800e-03
4.393201e+01 5.740820e-03
4.403201e+01 5.671353e-03
4.413201e+01 5.582650e-03
4.423201e+01 5.477327e-03
4.433201e+01 5.363035e-03
4.443201e+01 5.249382e-03
4.453201e+01 5.145082e-03
4.463201e+01 5.057393e-03
4.473201e+01 4.988872e-03
4.483201e+01 4.938609e-03
4.493201e+01 4.903118e-03
4.503201e+01 4.877518e-03
4.513201e+01 4.855472e-03
4.523201e+01 4.835904e-03
4.533201e+01 4.816226e-03
4.543201e+01 4.798773e-03
4.553201e+01 4.784373e-03
4.563201e+01 4.774072e-03
4.573201e+01 4.767187e-03
4.583201e+01 4.764208e-03
4.593201e+01 4.760366e-03
4.603201e+01 4.753297e-03
4.613201e+01 4.736273e-03
4.623201e+01 4.707265e-03
4.633201e+01 4.665419e-03
4.643201e+01 4.613683e-03
4.653201e+01 4.553495e-03
4.663201e+01 4.493344e-03
4.673201e+01 4.437296e-03
4.683201e+01 4.388583e-03
4.693201e+01 4.346071e-03
4.703201e+01 4.309189e-03
4.713201e+01 4.273898e-03
4.723201e+01 4.238732e-03
4.733201e+01 4.204017e-03
4.743201e+01 4.172319e-03
4.753201e+01 4.147374e-03
4.763201e+01 4.132640e-03
4.773201e+01 4.130341e-03
4.783201e+01 4.139231e-03
4.793201e+01 4.154592e-03
4.803201e+01 4.169638e-03
4.813201e+01 4.178252e-03
4.823201e+01 4.174598e-03
4.833201e+01 4.154908e-03
4.843201e+01 4.121572e-03
4.853201e+01 4.076643e-03
4.863201e+01 4.024858e-03
4.873201e+01 3.970283e-03
4.883201e+01 3.917040e-03
4.893201e+01 3.868017e-03
4.903201e+01 3.821683e-03
4.913201e+01 3.782046e-03
4.923201e+01 3.747577e-03
4.933201e+01 3.720830e-03
4.943201e+01 3.702965e-03
4.953201e+01 3.692233e-03
4.963201e+01 3.688060e-03
4.973201e+01 3.689598e-03
4.983201e+01 3.692752e-03
4.993201e+01 3.695779e-03
5.003201e+01 3.695148e-03
5.013201e+01 3.690239e-03
5.023201e+01 3.681328e-03
5.033201e+01 3.668971e-03
5.043201e+01 3.651989e-03
5.053201e+01 3.632166e-03
5.063201e+01 3.610670e-03
5.073201e+01 3.586651e-03
5.083201e+01 3.558976e-03
5.093201e+01 3.528188e-03
5.103201e+01 3.496341e-03
5.113201e+01 3.466607e-03
5.123201e+01 3.438970e-03
5.133201e+01 3.414590e-03
5.143201e+01 3.393735e-03
5.153201e+01 3.372870e-03
5.163201e+01 3.349915e-03
5.173201e+01 3.318652e-03
5.183201e+01 3.279017e-03
5.193201e+01 3.229772e-03
5.203201e+01 3.170629e-03
5.213201e+01 3.107179e-03
5.223201e+01 3.040088e-03
5.233201e+01 2.974109e-03
5.243201e+01 2.911365e-03
5.253201e+01 2.853085e-03
5.263201e+01 2.800443e-03
5.273201e+01 2.755507e-03
5.283201e+01 2.715307e-03
5.293201e+01 2.681573e-03
5.303201e+01 2.652508e-03
5.313201e+01 2.628604e-03
5.323201e+01 2.605933e-03
5.333201e+01 2.583866e-03
5.343201e+01 2.559144e-03
5.353201e+01 2.527390e-03
5.363201e+01 2.487810e-03
5.373201e+01 2.438713e-03
5.383201e+01 2.382498e-03
5.393201e+01 2.324473e-03
5.403201e+01 2.266646e-03
5.413201e+01 2.216291e-03
5.423201e+01 2.178329e-03
5.433201e+01 2.152987e-03
5.443201e+01 2.142341e-03
5.453201e+01 2.144047e-03
5.463201e+01 2.154641e-03
5.473201e+01 2.170939e-03
5.483201e+01 2.187964e-03
5.493201e+01 2.203085e-03
5.503201e+01 2.213610e-03
5.513201e+01 2.218356e-03
5.523201e+01 2.218765e-03
5.533201e+01 2.212809e-03
5.543201e+01 2.203437e-03
5.553201e+01 2.189458e-03
5.563201e+01 2.169964e-03
5.573201e+01 2.145782e-03
5.583201e+01 2.113382e-03
5.593201e+01 2.070970e-03
5.603201e+01 2.019445e-03
5.613201e+01 1.957360e-03
5.623201e+01 1.886793e-03
5.633201e+01 1.810104e-03
5.643201e+01 1.734577e-03
5.653201e+01 1.664023e-03
5.663201e+01 1.604549e-03
5.673201e+01 1.558843e-03
5.683201e+01 1.526906e-03
5.693201e+01 1.506443e-03
5.703201e+01 1.493703e-03
5.713201e+01 1.481630e-03
5.723201e+01 1.466411e-03
5.733201e+01 1.447424e-03
5.743201e+01 1.421415e-03
5.753201e+01 1.391900e-03
5.763201e+01 1.361840e-03
5.773201e+01 1.335368e-03
5.783201e+01 1.315448e-03
5.793201e+01 1.304428e-03
5.803201e+01 1.306394e-03
5.813201e+01 1.318326e-03
5.823201e+01 1.339277e-03
5.833201e+01 1.366231e-03
5.843201e+01 1.390685e-03
5.853201e+01 1.409455e-03
5.863201e+01 1.414149e-03
5.873201e+01 1.403701e-03
5.883201e+01 1.379337e-03
5.893201e+01 1.344015e-03
5.903201e+01 1.306734e-03
5.913201e+01 1.274699e-03
5.923201e+01 1.254278e-03
5.933201e+01 1.246862e-03
5.943201e+01 1.250709e-03
5.953201e+01 1.262404e-03
5.963201e+01 1.273833e-03
5.973201e+01 1.280133e-03
5.983201e+01 1.276944e-03
5.993201e+01 1.263376e-03
6.003201e+01 1.239323e-03
6.013201e+01 1.211395e-03
6.023201e+01 1.179765e-03
6.033201e+01 1.150201e-03
6.043201e+01 1.124779e-03
6.053201e+01 1.102664e-03
6.063201e+01 1.082852e-03
6.073201e+01 1.066017e-03
6.083201e+01 1.051097e-03
6.093201e+01 1.038708e-03
6.103201e+01 1.027616e-03
6.113201e+01 1.020452e-03
6.123201e+01 1.017719e-03
6.133201e+01 1.019140e-03
6.143201e+01 1.024997e-03
6.153201e+01 1.032105e-03
6.163201e+01 1.041360e-03
6.173201e+01 1.049520e-03
6.183201e+01 1.054792e-03
6.193201e+01 1.055663e-03
6.203201e+01 1.051457e-03
6.213201e+01 1.042450e-03
6.223201e+01 1.028693e-03
6.233201e+01 1.012533e-03
6.243201e+01 9.981681e-04
6.253201e+01 9.888441e-04
6.263201e+01 9.898250e-04
6.273201e+01 1.002851e-03
6.283201e+01 1.027874e-03
6.293201e+01 1.059862e-03
6.303201e+01 1.090596e-03
6.313201e+01 1.112468e-03
6.323201e+01 1.117867e-03
6.333201e+01 1.104217e-03
6.343201e+01 1.072125e-03
6.353201e+01 1.028355e-03
6.363201e+01 9.793886e-04
6.373201e+01 9.364115e-04
6.383201e+01 9.041187e-04
6.393201e+01 8.887205e-04
6.403201e+01 8.880904e-04
6.413201e+01 9.001617e-04
6.423201e+01 9.186705e-04
6.433201e+01 9.391455e-04
6.443201e+01 9.559963e-04
6.453201e+01 9.657026e-04
6.463201e+01 9.692215e-04
6.473201e+01 9.666137e-04
6.483201e+01 9.629205e-04
6.493201e+01 9.640226e-04
6.503201e+01 9.751850e-04
6.513201e+01 9.964136e-04
6.523201e+01 1.027658e-03
6.533201e+01 1.061314e-03
6.543201e+01 1.089720e-03
6.553201e+01 1.105273e-03
6.563201e+01 1.100029e-03
6.573201e+01 1.071084e-03
6.583201e+01 1.020510e-03
6.593201e+01 9.556410e-04
6.603201e+01 8.855988e-04
6.613201e+01 8.232535e-04
6.623201e+01 7.800756e-04
6.633201e+01 7.633936e-04
6.643201e+01 7.732043e-04
6.653201e+01 8.068751e-04
6.663201e+01 8.544425e-04
6.673201e+01 9.032571e-04
6.683201e+01 9.412861e-04
6.693201e+01 9.591276e-04
6.703201e+01 9.526400e-04
6.713201e+01 9.212645e-04
6.723201e+01 8.705979e-04
6.733201e+01 8.079716e-04
6.743201e+01 7.448587e-04
6.753201e+01 6.923959e-04
6.763201e+01 6.567395e-04
6.773201e+01 6.455009e-04
6.783201e+01 6.589609e-04
6.793201e+01 6.988555e-04
6.803201e+01 7.572399e-04
6.813201e+01 8.279606e-04
6.823201e+01 9.001632e-04
6.833201e+01 9.641685e-04
6.843201e+01 1.011808e-03
6.853201e+01 1.037264e-03
6.863201e+01 1.039697e-03
6.873201e+01 1.023526e-03
6.883201e+01 9.984316e-04
6.893201e+01 9.735330e-04
6.903201e+01 9.572774e-04
6.913201e+01 9.575535e-04
6.923201e+01 9.711150e-04
6.933201e+01 9.952768e-04
6.943201e+01 1.020081e-03
6.953201e+01 1.039098e-03
6.963201e+01 1.042374e-03
6.973201e+01 1.028742e-03
6.983201e+01 1.002013e-03
6.993201e+01 9.683518e-04
7.003201e+01 9.353731e-04
7.013201e+01 9.110270e-04
7.023201e+01 8.973849e-04
7.033201e+01 8.936062e-04
7.043201e+01 8.932516e-04
7.053201e+01 8.916147e-04
7.063201e+01 8.827563e-04
7.073201e+01 8.630871e-04
7.083201e+01 8.357901e-04
7.093201e+01 8.028736e-04
7.103201e+01 7.699299e-04
7.113201e+01 7.422730e-04
7.123201e+01 7.223087e-04
7.133201e+01 7.094779e-04
7.143201e+01 7.032228e-04
7.153201e+01 6.997400e-04
7.163201e+01 6.972403e-04
7.173201e+01 6.945502e-04
7.183201e+01 6.916700e-04
7.193201e+01 6.888788e-04
7.203201e+01 6.882449e-04
7.213201e+01 6.924515e-04
7.223201e+01 7.012139e-04
7.233201e+01 7.148633e-04
7.243201e+01 7.307641e-04
7.253201e+01 7.482956e-04
7.263201e+01 7.656630e-04
7.273201e+01 7.819118e-04
7.283201e+01 7.978231e-04
7.293201e+01 8.116059e-04
7.303201e+01 8.235408e-04
7.313201e+01 8.295439e-04
7.323201e+01 8.273794e-04
7.333201e+01 8.121248e-04
7.343201e+01 7.791939e-04
7.353201e+01 7.289247e-04
7.363201e+01 6.621583e-04
7.373201e+01 5.826456e-04
7.383201e+01 5.005163e-04
7.393201e+01 4.256195e-04
7.403201e+01 3.670203e-04
7.413201e+01 3.299764e-04
7.423201e+01 3.163300e-04
7.433201e+01 3.243953e-04
7.443201e+01 3.486793e-04
7.453201e+01 3.841912e-04
7.463201e+01 4.241502e-04
7.473201e+01 4.632328e-04
7.483201e+01 4.955031e-04
7.493201e+01 5.224166e-04
7.503201e+01 5.436981e-04
7.513201e+01 5.594104e-04
7.523201e+01 5.737025e-04
7.533201e+01 5.855189e-04
7.543201e+01 5.975507e-04
7.553201e+01 6.075057e-04
7.563201e+01 6.124159e-04
7.573201e+01 6.119410e-04
7.583201e+01 6.018767e-04
7.593201e+01 5.847331e-04
7.603201e+01 5.589922e-04
7.613201e+01 5.266626e-04
7.623201e+01 4.924407e-04
7.633201e+01 4.549251e-04
7.643201e+01 4.164639e-04
7.653201e+01 3.794626e-04
7.663201e+01 3.436397e-04
7.673201e+01 3.104484e-04
7.683201e+01 2.801661e-04
7.693201e+01 2.568750e-04
7.703201e+01 2.423062e-04
7.713201e+01 2.364562e-04
7.723201e+01 2.411120e-04
7.733201e+01 2.530806e-04
7.743201e+01 2.709604e-04
7.753201e+01 2.889295e-04
7.763201e+01 3.052520e-04
7.773201e+01 3.164022e-04
7.783201e+01 3.214292e-04
7.793201e+01 3.208943e-04
7.803201e+01 3.123927e-04
7.813201e+01 3.005703e-04
7.823201e+01 2.836366e-04
7.833201e+01 2.645567e-04
7.843201e+01 2.442233e-04
7.853201e+01 2.247591e-04
7.863201e+01 2.055987e-04
7.873201e+01 1.891430e-04
7.883201e+01 1.744905e-04
7.893201e+01 1.639877e-04
7.903201e+01 1.593678e-04
7.913201e+01 1.620303e-04
7.923201e+01 1.710843e-04
7.933201e+01 1.900056e-04
7.943201e+01 2.181868e-04
7.953201e+01 2.552999e-04
7.963201e+01 2.958127e-04
7.973201e+01 3.362042e-04
7.983201e+01 3.703772e-04
7.993201e+01 3.910558e-04
8.003201e+01 3.953256e-04
8.013201e+01 3.805495e-04
8.023201e+01 3.490703e-04
8.033201e+01 3.067569e-04
8.043201e+01 2.597598e-04
8.053201e+01 2.160232e-04
8.063201e+01 1.808643e-04
8.073201e+01 1.610577e-04
8.083201e+01 1.562715e-04
8.093201e+01 1.670694e-04
8.103201e+01 1.913275e-04
8.113201e+01 2.236732e-04
8.123201e+01 2.569969e-04
8.133201e+01 2.860343e-04
8.143201e+01 3.037284e-04
8.153201e+01 3.075003e-04
8.163201e+01 2.989143e-04
8.173201e+01 2.809359e-04
8.183201e+01 2.592208e-04
8.193201e+01 2.402672e-04
8.203201e+01 2.273295e-04
8.213201e+01 2.233269e-04
8.223201e+01 2.275954e-04
8.233201e+01 2.368388e-04
8.243201e+01 2.489325e-04
8.253201e+01 2.585024e-04
8.263201e+01 2.646491e-04
8.273201e+01 2.653528e-04
8.283201e+01 2.621187e-04
8.293201e+01 2.570694e-04
8.303201e+01 2.540640e-04
8.313201e+01 2.555096e-04
8.323201e+01 2.634795e-04
8.333201e+01 2.765803e-04
8.343201e+01 2.930830e-04
8.353201e+01 3.077323e-04
8.363201e+01 3.167268e-04
8.373201e+01 3.164856e-04
8.383201e+01 3.042652e-04
8.393201e+01 2.823014e-04
8.403201e+01 2.519343e-04
8.413201e+01 2.183670e-04
8.423201e+01 1.874772e-04
8.433201e+01 1.657605e-04
8.443201e+01 1.577004e-04
8.453201e+01 1.692930e-04
8.463201e+01 2.003217e-04
8.473201e+01 2.496727e-04
8.483201e+01 3.127036e-04
8.493201e+01 3.832573e-04
8.503201e+01 4.516478e-04
8.513201e+01 5.116553e-04
8.523201e+01 5.549875e-04
8.533201e+01 5.762623e-04
8.543201e+01 5.721698e-04
8.553201e+01 5.400193e-04
8.563201e+01 4.786353e-04
8.573201e+01 3.909879e-04
8.583201e+01 2.841920e-04
8.593201e+01 1.677153e-04
8.603201e+01 5.387850e-05
8.613201e+01 -4.494151e-05
8.623201e+01 -1.169861e-04
8.633201e+01 -1.534659e-04
8.643201e+01 -1.543233e-04
8.653201e+01 -1.216309e-04
8.663201e+01 -6.031539e-05
8.673201e+01 1.965876e-05
8.683201e+01 1.100623e-04
