4.115200e-02 0.000000e+00
2.411520e-01 9.127421e-05
4.411520e-01 1.815350e-04
6.411520e-01 2.726928e-04
8.411520e-01 3.639571e-04
1.041152e+00 4.552148e-04
1.241152e+00 5.454525e-04
1.441152e+00 6.365805e-04
1.641152e+00 7.278085e-04
1.841152e+00 8.180115e-04
2.041152e+00 9.092113e-04
2.241152e+00 1.000283e-03
2.441152e+00 1.091448e-03
2.641152e+00 1.181582e-03
2.841152e+00 1.272706e-03
3.041152e+00 1.363695e-03
3.241152e+00 1.453759e-03
3.441152e+00 1.544809e-03
3.641152e+00 1.635830e-03
3.841152e+00 1.726822e-03
4.041152e+00 1.816659e-03
4.241152e+00 2.926769e-03
4.441152e+00 4.115190e-03
4.641152e+00 5.236340e-03
4.841152e+00 6.250892e-03
5.041152e+00 7.240212e-03
5.241152e+00 8.353492e-03
5.441152e+00 9.715264e-03
5.641152e+00 1.137372e-02
5.841152e+00 1.327339e-02
6.041152e+00 1.521998e-02
6.241152e+00 1.682894e-02
6.441152e+00 1.759014e-02
6.641152e+00 1.717048e-02
6.841152e+00 1.570665e-02
7.041152e+00 1.375253e-02
7.241152e+00 1.190132e-02
7.441152e+00 1.051603e-02
7.641152e+00 9.696186e-03
7.841152e+00 9.383654e-03
8.041152e+00 9.460006e-03
8.241152e+00 9.801166e-03
8.441152e+00 1.029639e-02
8.641152e+00 1.086019e-02
8.841152e+00 1.142733e-02
9.041152e+00 1.195168e-02
9.241152e+00 1.239594e-02
9.441152e+00 1.275316e-02
9.641152e+00 1.307753e-02
9.841152e+00 1.344713e-02
1.004115e+01 1.392034e-02
1.024115e+01 1.450344e-02
1.044115e+01 1.513976e-02
1.064115e+01 1.574547e-02
1.084115e+01 1.627813e-02
1.104115e+01 1.676263e-02
1.124115e+01 1.725863e-02
1.144115e+01 1.782403e-02
1.164115e+01 1.848437e-02
1.184115e+01 1.922673e-02
1.204115e+01 2.001942e-02
1.224115e+01 2.083792e-02
1.244115e+01 2.165034e-02
1.264115e+01 2.238728e-02
1.284115e+01 2.298462e-02
1.304115e+01 2.346130e-02
1.324115e+01 2.393903e-02
1.344115e+01 2.454760e-02
1.364115e+01 2.529378e-02
1.384115e+01 2.603201e-02
1.404115e+01 2.660771e-02
1.424115e+01 2.701648e-02
1.444115e+01 2.739648e-02
1.464115e+01 2.786539e-02
1.484115e+01 2.843686e-02
1.504115e+01 2.908061e-02
1.524115e+01 2.979313e-02
1.544115e+01 3.057153e-02
1.564115e+01 3.136071e-02
1.584115e+01 3.207040e-02
1.604115e+01 3.262040e-02
1.624115e+01 3.299675e-02
1.644115e+01 3.328062e-02
1.664115e+01 3.360987e-02
1.684115e+01 3.407256e-02
1.704115e+01 3.465195e-02
1.724115e+01 3.526818e-02
1.744115e+01 3.586981e-02
1.764115e+01 3.647107e-02
1.784115e+01 3.708023e-02
1.804115e+01 3.761908e-02
1.824115e+01 3.797121e-02
1.844115e+01 3.812711e-02
1.864115e+01 3.823013e-02
1.884115e+01 3.844478e-02
1.904115e+01 3.879076e-02
1.924115e+01 3.915514e-02
1.944115e+01 3.943343e-02
1.964115e+01 3.962340e-02
1.984115e+01 3.978538e-02
2.004115e+01 3.996560e-02
2.024115e+01 4.016928e-02
2.044115e+01 4.035739e-02
2.064115e+01 4.046494e-02
2.084115e+01 4.043599e-02
2.104115e+01 4.029380e-02
2.124115e+01 4.013906e-02
2.144115e+01 4.006482e-02
2.164115e+01 4.007827e-02
2.184115e+01 4.010286e-02
2.204115e+01 4.002467e-02
2.224115e+01 3.976803e-02
2.244115e+01 3.935966e-02
2.264115e+01 3.891057e-02
2.284115e+01 3.851999e-02
2.304115e+01 3.820505e-02
2.324115e+01 3.791392e-02
2.344115e+01 3.759401e-02
2.364115e+01 3.723390e-02
2.384115e+01 3.686470e-02
2.404115e+01 3.653294e-02
2.424115e+01 3.625919e-02
2.444115e+01 3.600567e-02
2.464115e+01 3.572108e-02
2.484115e+01 3.539843e-02
2.504115e+01 3.505370e-02
2.524115e+01 3.467588e-02
2.544115e+01 3.423261e-02
2.564115e+01 3.370808e-02
2.584115e+01 3.313939e-02
2.604115e+01 3.261322e-02
2.624115e+01 3.219836e-02
2.644115e+01 3.183908e-02
2.664115e+01 3.138572e-02
2.684115e+01 3.075917e-02
2.704115e+01 3.004401e-02
2.724115e+01 2.940039e-02
2.744115e+01 2.892795e-02
2.764115e+01 2.860365e-02
2.784115e+01 2.831117e-02
2.804115e+01 2.792129e-02
2.824115e+01 2.740304e-02
2.844115e+01 2.683531e-02
2.864115e+01 2.630085e-02
2.884115e+01 2.579953e-02
2.904115e+01 2.528854e-02
2.924115e+01 2.475340e-02
2.944115e+01 2.422828e-02
2.964115e+01 2.377074e-02
2.984115e+01 2.341217e-02
3.004115e+01 2.311774e-02
3.024115e+01 2.281276e-02
3.044115e+01 2.244132e-02
3.064115e+01 2.200962e-02
3.084115e+01 2.157111e-02
3.104115e+01 2.117825e-02
3.124115e+01 2.083573e-02
3.144115e+01 2.050159e-02
3.164115e+01 2.013378e-02
3.184115e+01 1.973728e-02
3.204115e+01 1.932972e-02
3.224115e+01 1.893528e-02
3.244115e+01 1.858362e-02
3.264115e+01 1.828483e-02
3.284115e+01 1.800429e-02
3.304115e+01 1.770472e-02
3.324115e+01 1.738811e-02
3.344115e+01 1.709079e-02
3.364115e+01 1.683993e-02
3.384115e+01 1.661585e-02
3.404115e+01 1.634408e-02
3.424115e+01 1.596030e-02
3.444115e+01 1.549729e-02
3.464115e+01 1.508205e-02
3.484115e+01 1.480826e-02
3.504115e+01 1.466707e-02
3.524115e+01 1.457098e-02
3.544115e+01 1.442600e-02
3.564115e+01 1.417282e-02
3.584115e+01 1.379403e-02
3.604115e+01 1.332725e-02
3.624115e+01 1.288086e-02
3.644115e+01 1.257264e-02
3.664115e+01 1.244073e-02
3.684115e+01 1.240002e-02
3.704115e+01 1.231173e-02
3.724115e+01 1.210959e-02
3.744115e+01 1.183817e-02
3.764115e+01 1.157242e-02
3.784115e+01 1.134205e-02
3.804115e+01 1.113052e-02
3.824115e+01 1.091331e-02
3.844115e+01 1.068268e-02
3.864115e+01 1.045856e-02
3.884115e+01 1.027062e-02
3.904115e+01 1.012963e-02
3.924115e+01 1.002061e-02
3.944115e+01 9.916672e-03
3.964115e+01 9.802799e-03
3.984115e+01 9.685871e-03
4.004115e+01 9.557926e-03
4.024115e+01 9.418324e-03
4.044115e+01 9.292113e-03
4.064115e+01 9.184179e-03
4.084115e+01 9.054834e-03
4.104115e+01 8.851582e-03
4.124115e+01 8.575905e-03
4.144115e+01 8.288668e-03
4.164115e+01 8.074648e-03
4.184115e+01 7.975695e-03
4.204115e+01 7.978883e-03
4.224115e+01 8.024443e-03
4.244115e+01 8.017256e-03
4.264115e+01 7.859188e-03
4.284115e+01 7.553595e-03
4.304115e+01 7.248153e-03
4.324115e+01 7.090993e-03
4.344115e+01 7.092285e-03
4.364115e+01 7.132056e-03
4.384115e+01 7.103285e-03
4.404115e+01 6.996388e-03
4.424115e+01 6.871178e-03
4.444115e+01 6.772402e-03
4.464115e+01 6.702881e-03
4.484115e+01 6.626935e-03
4.504115e+01 6.524008e-03
4.524115e+01 6.401891e-03
4.544115e+01 6.274260e-03
4.564115e+01 6.123489e-03
4.584115e+01 5.927053e-03
4.604115e+01 5.706342e-03
4.624115e+01 5.537325e-03
4.644115e+01 5.490462e-03
4.664115e+01 5.573644e-03
4.684115e+01 5.721151e-03
4.704115e+01 5.838124e-03
4.724115e+01 5.874038e-03
4.744115e+01 5.848879e-03
4.764115e+01 5.798950e-03
4.784115e+01 5.716351e-03
4.804115e+01 5.545864e-03
4.824115e+01 5.284244e-03
4.844115e+01 5.025198e-03
4.864115e+01 4.899356e-03
4.884115e+01 4.970012e-03
4.904115e+01 5.166895e-03
4.924115e+01 5.331825e-03
4.944115e+01 5.325724e-03
4.964115e+01 5.125519e-03
4.984115e+01 4.834901e-03
5.004115e+01 4.612947e-03
5.024115e+01 4.562723e-03
5.044115e+01 4.663712e-03
5.064115e+01 4.819235e-03
5.084115e+01 4.930492e-03
5.104115e+01 4.913085e-03
5.124115e+01 4.736946e-03
5.144115e+01 4.466711e-03
5.164115e+01 4.213567e-03
5.184115e+01 4.079114e-03
5.204115e+01 4.120334e-03
5.224115e+01 4.324601e-03
5.244115e+01 4.587551e-03
5.264115e+01 4.756708e-03
5.284115e+01 4.736351e-03
5.304115e+01 4.550406e-03
5.324115e+01 4.291436e-03
5.344115e+01 4.045066e-03
5.364115e+01 3.867744e-03
5.384115e+01 3.781378e-03
5.404115e+01 3.794719e-03
5.424115e+01 3.901309e-03
5.444115e+01 4.074342e-03
5.464115e+01 4.252788e-03
5.484115e+01 4.358229e-03
5.504115e+01 4.322634e-03
5.524115e+01 4.136037e-03
5.544115e+01 3.868493e-03
5.564115e+01 3.619542e-03
5.584115e+01 3.451821e-03
5.604115e+01 3.383514e-03
5.624115e+01 3.418497e-03
5.644115e+01 3.542647e-03
5.664115e+01 3.716536e-03
5.684115e+01 3.857278e-03
5.704115e+01 3.880858e-03
5.724115e+01 3.780862e-03
5.744115e+01 3.643736e-03
5.764115e+01 3.559020e-03
5.784115e+01 3.534914e-03
5.804115e+01 3.522032e-03
5.824115e+01 3.474386e-03
5.844115e+01 3.380829e-03
5.864115e+01 3.294866e-03
5.884115e+01 3.268143e-03
5.904115e+01 3.274723e-03
5.924115e+01 3.235032e-03
5.944115e+01 3.136594e-03
5.964115e+01 3.060953e-03
5.984115e+01 3.070990e-03
6.004115e+01 3.123871e-03
6.024115e+01 3.121452e-03
6.044115e+01 3.026339e-03
6.064115e+01 2.886480e-03
6.084115e+01 2.776159e-03
6.104115e+01 2.726611e-03
6.124115e+01 2.721501e-03
6.144115e+01 2.731797e-03
6.164115e+01 2.730113e-03
6.184115e+01 2.694084e-03
6.204115e+01 2.621992e-03
6.224115e+01 2.538184e-03
6.244115e+01 2.465826e-03
6.264115e+01 2.424543e-03
6.284115e+01 2.420558e-03
6.304115e+01 2.451225e-03
6.324115e+01 2.502847e-03
6.344115e+01 2.550189e-03
6.364115e+01 2.574943e-03
6.384115e+01 2.572783e-03
6.404115e+01 2.547064e-03
6.424115e+01 2.510835e-03
6.444115e+01 2.491642e-03
6.464115e+01 2.492287e-03
6.484115e+01 2.482521e-03
6.504115e+01 2.421654e-03
6.524115e+01 2.306979e-03
6.544115e+01 2.177230e-03
6.564115e+01 2.096726e-03
6.584115e+01 2.116628e-03
6.604115e+01 2.203034e-03
6.624115e+01 2.240175e-03
6.644115e+01 2.136419e-03
6.664115e+01 1.926034e-03
6.684115e+01 1.719939e-03
6.704115e+01 1.624961e-03
6.724115e+01 1.678838e-03
6.744115e+01 1.844346e-03
6.764115e+01 2.032297e-03
6.784115e+01 2.154752e-03
6.804115e+01 2.155155e-03
6.824115e+01 2.033669e-03
6.844115e+01 1.837294e-03
6.864115e+01 1.639045e-03
6.884115e+01 1.490374e-03
6.904115e+01 1.405118e-03
6.924115e+01 1.377015e-03
6.944115e+01 1.403748e-03
6.964115e+01 1.475240e-03
6.984115e+01 1.564672e-03
7.004115e+01 1.626746e-03
7.024115e+01 1.607968e-03
7.044115e+01 1.508883e-03
7.064115e+01 1.407211e-03
7.084115e+01 1.393474e-03
7.104115e+01 1.452846e-03
7.124115e+01 1.488277e-03
7.144115e+01 1.435802e-03
7.164115e+01 1.313282e-03
7.184115e+01 1.185105e-03
7.204115e+01 1.078770e-03
7.224115e+01 9.867477e-04
7.244115e+01 9.209913e-04
7.264115e+01 9.209925e-04
7.284115e+01 9.795453e-04
7.304115e+01 1.005207e-03
7.324115e+01 9.302740e-04
7.344115e+01 7.984443e-04
7.364115e+01 7.036292e-04
7.384115e+01 6.947913e-04
7.404115e+01 7.575440e-04
7.424115e+01 8.299583e-04
7.444115e+01 8.211235e-04
7.464115e+01 6.567465e-04
7.484115e+01 3.583476e-04
7.504115e+01 6.846424e-05
7.524115e+01 -3.423538e-05
7.544115e+01 1.209915e-04
7.564115e+01 4.401596e-04
7.584115e+01 7.530672e-04
7.604115e+01 9.266452e-04
7.624115e+01 9.121872e-04
7.644115e+01 7.401724e-04
7.664115e+01 5.067872e-04
7.684115e+01 3.130672e-04
7.704115e+01 2.325701e-04
7.724115e+01 3.031553e-04
7.744115e+01 5.126900e-04
7.764115e+01 7.542524e-04
7.784115e+01 8.531635e-04
7.804115e+01 7.156113e-04
7.824115e+01 4.343051e-04
7.844115e+01 2.040687e-04
7.864115e+01 1.482953e-04
7.884115e+01 2.512732e-04
7.904115e+01 4.118125e-04
7.924115e+01 5.051795e-04
7.944115e+01 4.570293e-04
7.964115e+01 2.974624e-04
7.984115e+01 1.233660e-04
8.004115e+01 1.823158e-05
8.024115e+01 2.086023e-05
8.044115e+01 1.344567e-04
8.064115e+01 3.036784e-04
8.084115e+01 4.363135e-04
8.104115e+01 4.817219e-04
8.124115e+01 4.641824e-04
8.144115e+01 4.113371e-04
8.164115e+01 3.020521e-04
8.184115e+01 1.025951e-04
8.204115e+01 -1.590887e-04
8.224115e+01 -3.899267e-04
8.244115e+01 -4.892773e-04
8.264115e+01 -4.246499e-04
8.284115e+01 -2.564551e-04
8.304115e+01 -9.342732e-05
8.324115e+01 -2.706811e-07
8.344115e+01 2.707594e-05
8.364115e+01 3.184639e-05
8.384115e+01 3.690079e-05
8.404115e+01 1.725505e-05
8.424115e+01 -6.243119e-05
8.444115e+01 -1.975123e-04
8.464115e+01 -3.222250e-04
8.484115e+01 -3.404928e-04
8.504115e+01 -2.350669e-04
8.524115e+01 -8.198106e-05
8.544115e+01 3.985285e-05
8.564115e+01 1.208032e-04
8.584115e+01 1.749946e-04
8.604115e+01 1.615054e-04
8.624115e+01 1.762302e-05
8.644115e+01 -2.260518e-04
8.664115e+01 -4.339713e-04
8.684115e+01 -4.880649e-04
8.704115e+01 -3.629628e-04
8.724115e+01 -1.339435e-04
8.744115e+01 8.910152e-05
8.764115e+01 2.451286e-04
8.784115e+01 3.358227e-04
8.804115e+01 3.605353e-04
8.824115e+01 3.001890e-04
8.844115e+01 1.543110e-04
8.864115e+01 -2.328172e-05
8.884115e+01 -1.530850e-04
8.904115e+01 -2.105945e-04
8.924115e+01 -2.326597e-04
8.944115e+01 -2.496887e-04
8.964115e+01 -2.597405e-04
8.984115e+01 -2.599237e-04
9.004115e+01 -2.528635e-04
9.024115e+01 -2.399590e-04
9.044115e+01 -2.205428e-04
9.064115e+01 -2.132880e-04
9.084115e+01 -2.210116e-04
9.104115e+01 -2.209915e-04
9.124115e+01 -1.731941e-04
9.144115e+01 -7.588122e-05
9.164115e+01 3.180296e-05
9.184115e+01 1.002341e-04
9.204115e+01 1.186423e-04
9.224115e+01 1.195904e-04
9.244115e+01 1.416187e-04
9.264115e+01 1.663967e-04
9.284115e+01 1.463368e-04
9.304115e+01 6.716851e-05
9.324115e+01 -1.586620e-05
9.344115e+01 -2.362328e-05
9.364115e+01 8.223018e-05
9.384115e+01 2.808421e-04
9.404115e+01 4.914946e-04
9.424115e+01 6.306989e-04
9.444115e+01 6.639000e-04
9.464115e+01 6.208836e-04
9.484115e+01 5.560565e-04
9.504115e+01 5.419497e-04
9.524115e+01 6.105131e-04
9.544115e+01 7.307178e-04
