2.469100e-02 0.000000e+00
2.246910e-01 -4.183421e-05
4.246910e-01 -8.338680e-05
6.246910e-01 -1.252196e-04
8.246910e-01 -1.655882e-04
1.024691e+00 -2.074178e-04
1.224691e+00 -2.489638e-04
1.424691e+00 -2.907883e-04
1.624691e+00 -3.323283e-04
1.824691e+00 -3.741457e-04
2.024691e+00 -4.147773e-04
2.224691e+00 -4.563047e-04
2.424691e+00 -4.981081e-04
2.624691e+00 -5.396247e-04
2.824691e+00 -5.814164e-04
3.024691e+00 -6.229205e-04
3.224691e+00 -6.635171e-04
3.424691e+00 -7.050066e-04
3.624691e+00 -7.467694e-04
3.824691e+00 -7.885238e-04
4.024691e+00 -8.299881e-04
4.224691e+00 -1.044167e-03
4.424691e+00 -1.229699e-03
4.624691e+00 -1.370661e-03
4.824691e+00 -1.448765e-03
5.024691e+00 -1.454607e-03
5.224691e+00 -1.396099e-03
5.424691e+00 -1.283457e-03
5.624691e+00 -1.117956e-03
5.824691e+00 -8.875039e-04
6.024691e+00 -5.689982e-04
6.224691e+00 -1.566748e-04
6.424691e+00 3.301540e-04
6.624691e+00 8.561185e-04
6.824691e+00 1.403542e-03
7.024691e+00 1.975451e-03
7.224691e+00 2.578283e-03
7.424691e+00 3.193474e-03
7.624691e+00 3.787426e-03
7.824691e+00 4.325193e-03
8.024691e+00 4.794855e-03
8.224691e+00 5.207566e-03
8.424691e+00 5.601720e-03
8.624691e+00 6.018409e-03
8.824691e+00 6.492818e-03
9.024691e+00 7.037681e-03
9.224691e+00 7.649306e-03
9.424691e+00 8.316743e-03
9.624691e+00 9.049692e-03
9.824691e+00 9.837942e-03
1.002469e+01 1.064438e-02
1.022469e+01 1.142280e-02
1.042469e+01 1.215998e-02
1.062469e+01 1.286409e-02
1.082469e+01 1.353405e-02
1.102469e+01 1.417400e-02
1.122469e+01 1.481259e-02
1.142469e+01 1.548396e-02
1.162469e+01 1.619619e-02
1.182469e+01 1.694484e-02
1.202469e+01 1.772585e-02
1.222469e+01 1.853469e-02
1.242469e+01 1.936588e-02
1.262469e+01 2.018959e-02
1.282469e+01 2.097930e-02
1.302469e+01 2.174389e-02
1.322469e+01 2.253718e-02
1.342469e+01 2.337755e-02
1.362469e+01 2.423851e-02
1.382469e+01 2.510686e-02
1.402469e+01 2.600947e-02
1.422469e+01 2.696839e-02
1.442469e+01 2.793298e-02
1.462469e+01 2.884245e-02
1.482469e+01 2.971657e-02
1.502469e+01 3.062886e-02
1.522469e+01 3.159116e-02
1.542469e+01 3.252571e-02
1.562469e+01 3.335490e-02
1.582469e+01 3.408518e-02
1.602469e+01 3.476910e-02
1.622469e+01 3.544449e-02
1.642469e+01 3.614693e-02
1.662469e+01 3.691025e-02
1.682469e+01 3.772366e-02
1.702469e+01 3.849139e-02
1.722469e+01 3.910990e-02
1.742469e+01 3.958111e-02
1.762469e+01 4.003539e-02
1.782469e+01 4.059597e-02
1.802469e+01 4.120678e-02
1.822469e+01 4.166984e-02
1.842469e+01 4.189506e-02
1.862469e+01 4.201134e-02
1.882469e+01 4.222729e-02
1.902469e+01 4.261258e-02
1.922469e+01 4.305226e-02
1.942469e+01 4.339976e-02
1.962469e+01 4.361179e-02
1.982469e+01 4.374995e-02
2.002469e+01 4.386661e-02
2.022469e+01 4.394546e-02
2.042469e+01 4.395677e-02
2.062469e+01 4.394103e-02
2.082469e+01 4.394209e-02
2.102469e+01 4.396067e-02
2.122469e+01 4.396499e-02
2.142469e+01 4.393235e-02
2.162469e+01 4.385218e-02
2.182469e+01 4.372156e-02
2.202469e+01 4.355564e-02
2.222469e+01 4.337604e-02
2.242469e+01 4.319613e-02
2.262469e+01 4.299213e-02
2.282469e+01 4.276380e-02
2.302469e+01 4.250772e-02
2.322469e+01 4.220641e-02
2.342469e+01 4.180627e-02
2.362469e+01 4.130674e-02
2.382469e+01 4.076242e-02
2.402469e+01 4.027568e-02
2.422469e+01 3.989881e-02
2.442469e+01 3.958803e-02
2.462469e+01 3.922534e-02
2.482469e+01 3.877542e-02
2.502469e+01 3.830722e-02
2.522469e+01 3.787288e-02
2.542469e+01 3.740593e-02
2.562469e+01 3.682023e-02
2.582469e+01 3.613802e-02
2.602469e+01 3.548789e-02
2.622469e+01 3.496281e-02
2.642469e+01 3.454225e-02
2.662469e+01 3.413057e-02
2.682469e+01 3.365950e-02
2.702469e+01 3.314487e-02
2.722469e+01 3.259526e-02
2.742469e+01 3.199469e-02
2.762469e+01 3.135833e-02
2.782469e+01 3.075577e-02
2.802469e+01 3.024936e-02
2.822469e+01 2.980701e-02
2.842469e+01 2.938318e-02
2.862469e+01 2.894629e-02
2.882469e+01 2.847314e-02
2.902469e+01 2.795842e-02
2.922469e+01 2.744686e-02
2.942469e+01 2.699287e-02
2.962469e+01 2.656452e-02
2.982469e+01 2.608810e-02
3.002469e+01 2.557320e-02
3.022469e+01 2.509583e-02
3.042469e+01 2.467588e-02
3.062469e+01 2.425400e-02
3.082469e+01 2.379699e-02
3.102469e+01 2.333194e-02
3.122469e+01 2.287329e-02
3.142469e+01 2.241292e-02
3.162469e+01 2.197139e-02
3.182469e+01 2.159164e-02
3.202469e+01 2.126444e-02
3.222469e+01 2.092828e-02
3.242469e+01 2.053192e-02
3.262469e+01 2.007854e-02
3.282469e+01 1.958207e-02
3.302469e+01 1.905870e-02
3.322469e+01 1.856320e-02
3.342469e+01 1.817965e-02
3.362469e+01 1.793596e-02
3.382469e+01 1.772888e-02
3.402469e+01 1.742683e-02
3.422469e+01 1.703624e-02
3.442469e+01 1.669401e-02
3.462469e+01 1.647009e-02
3.482469e+01 1.627639e-02
3.502469e+01 1.600582e-02
3.522469e+01 1.566838e-02
3.542469e+01 1.530864e-02
3.562469e+01 1.492480e-02
3.582469e+01 1.452469e-02
3.602469e+01 1.417707e-02
3.622469e+01 1.391677e-02
3.642469e+01 1.368267e-02
3.662469e+01 1.341973e-02
3.682469e+01 1.316105e-02
3.702469e+01 1.295609e-02
3.722469e+01 1.277760e-02
3.742469e+01 1.255987e-02
3.762469e+01 1.229805e-02
3.782469e+01 1.203978e-02
3.802469e+01 1.180601e-02
3.822469e+01 1.157626e-02
3.842469e+01 1.132219e-02
3.862469e+01 1.107548e-02
3.882469e+01 1.087000e-02
3.902469e+01 1.070557e-02
3.922469e+01 1.052637e-02
3.942469e+01 1.031057e-02
3.962469e+01 1.010572e-02
3.982469e+01 9.966967e-03
4.002469e+01 9.887206e-03
4.022469e+01 9.792601e-03
4.042469e+01 9.595174e-03
4.062469e+01 9.300561e-03
4.082469e+01 9.005941e-03
4.102469e+01 8.836673e-03
4.122469e+01 8.799218e-03
4.142469e+01 8.806005e-03
4.162469e+01 8.744200e-03
4.182469e+01 8.570228e-03
4.202469e+01 8.321579e-03
4.222469e+01 8.084846e-03
4.242469e+01 7.945405e-03
4.262469e+01 7.887339e-03
4.282469e+01 7.800879e-03
4.302469e+01 7.623100e-03
4.322469e+01 7.412868e-03
4.342469e+01 7.268883e-03
4.362469e+01 7.215059e-03
4.382469e+01 7.197923e-03
4.402469e+01 7.175802e-03
4.422469e+01 7.129781e-03
4.442469e+01 7.035882e-03
4.462469e+01 6.897394e-03
4.482469e+01 6.770395e-03
4.502469e+01 6.692765e-03
4.522469e+01 6.636247e-03
4.542469e+01 6.545691e-03
4.562469e+01 6.449282e-03
4.582469e+01 6.366861e-03
4.602469e+01 6.292189e-03
4.622469e+01 6.238105e-03
4.642469e+01 6.231485e-03
4.662469e+01 6.256991e-03
4.682469e+01 6.227428e-03
4.702469e+01 6.101536e-03
4.722469e+01 5.923251e-03
4.742469e+01 5.757385e-03
4.762469e+01 5.622599e-03
4.782469e+01 5.518140e-03
4.802469e+01 5.435841e-03
4.822469e+01 5.359011e-03
4.842469e+01 5.270870e-03
4.862469e+01 5.185106e-03
4.882469e+01 5.121140e-03
4.902469e+01 5.071009e-03
4.922469e+01 5.015293e-03
4.942469e+01 4.945663e-03
4.962469e+01 4.874222e-03
4.982469e+01 4.811006e-03
5.002469e+01 4.748162e-03
5.022469e+01 4.668545e-03
5.042469e+01 4.558322e-03
5.062469e+01 4.448898e-03
5.082469e+01 4.362632e-03
5.102469e+01 4.291780e-03
5.122469e+01 4.211022e-03
5.142469e+01 4.139585e-03
5.162469e+01 4.108186e-03
5.182469e+01 4.125723e-03
5.202469e+01 4.178820e-03
5.222469e+01 4.226360e-03
5.242469e+01 4.215291e-03
5.262469e+01 4.111959e-03
5.282469e+01 3.983482e-03
5.302469e+01 3.897713e-03
5.322469e+01 3.834162e-03
5.342469e+01 3.697998e-03
5.362469e+01 3.485780e-03
5.382469e+01 3.337479e-03
5.402469e+01 3.368120e-03
5.422469e+01 3.529414e-03
5.442469e+01 3.648220e-03
5.462469e+01 3.644809e-03
5.482469e+01 3.568366e-03
5.502469e+01 3.491011e-03
5.522469e+01 3.422447e-03
5.542469e+01 3.375015e-03
5.562469e+01 3.381782e-03
5.582469e+01 3.434410e-03
5.602469e+01 3.447640e-03
5.622469e+01 3.368508e-03
5.642469e+01 3.224399e-03
5.662469e+01 3.067691e-03
5.682469e+01 2.903846e-03
5.702469e+01 2.750382e-03
5.722469e+01 2.675197e-03
5.742469e+01 2.723803e-03
5.762469e+01 2.823805e-03
5.782469e+01 2.871251e-03
5.802469e+01 2.864911e-03
5.822469e+01 2.884505e-03
5.842469e+01 2.931210e-03
5.862469e+01 2.916856e-03
5.882469e+01 2.790573e-03
5.902469e+01 2.609754e-03
5.922469e+01 2.472549e-03
5.942469e+01 2.406635e-03
5.962469e+01 2.367942e-03
5.982469e+01 2.314578e-03
6.002469e+01 2.259224e-03
6.022469e+01 2.254852e-03
6.042469e+01 2.308900e-03
6.062469e+01 2.357556e-03
6.082469e+01 2.325187e-03
6.102469e+01 2.235378e-03
6.122469e+01 2.193045e-03
6.142469e+01 2.249719e-03
6.162469e+01 2.320685e-03
6.182469e+01 2.331216e-03
6.202469e+01 2.295487e-03
6.222469e+01 2.291183e-03
6.242469e+01 2.314277e-03
6.262469e+01 2.320751e-03
6.282469e+01 2.275562e-03
6.302469e+01 2.172113e-03
6.322469e+01 2.020049e-03
6.342469e+01 1.838974e-03
6.362469e+01 1.708678e-03
6.382469e+01 1.683217e-03
6.402469e+01 1.757614e-03
6.422469e+01 1.879775e-03
6.442469e+01 1.996033e-03
6.462469e+01 2.056018e-03
6.482469e+01 2.016752e-03
6.502469e+01 1.864500e-03
6.522469e+01 1.668687e-03
6.542469e+01 1.538251e-03
6.562469e+01 1.553159e-03
6.582469e+01 1.683870e-03
6.602469e+01 1.835383e-03
6.622469e+01 1.908643e-03
6.642469e+01 1.875803e-03
6.662469e+01 1.764771e-03
6.682469e+01 1.619387e-03
6.702469e+01 1.488554e-03
6.722469e+01 1.416259e-03
6.742469e+01 1.419689e-03
6.762469e+01 1.468820e-03
6.782469e+01 1.523124e-03
6.802469e+01 1.531003e-03
6.822469e+01 1.466472e-03
6.842469e+01 1.362468e-03
6.862469e+01 1.315401e-03
6.882469e+01 1.372049e-03
6.902469e+01 1.474514e-03
6.922469e+01 1.523087e-03
6.942469e+01 1.491991e-03
6.962469e+01 1.434883e-03
6.982469e+01 1.425660e-03
7.002469e+01 1.465884e-03
7.022469e+01 1.514675e-03
7.042469e+01 1.509447e-03
7.062469e+01 1.436855e-03
7.082469e+01 1.330763e-03
7.102469e+01 1.231162e-03
7.122469e+01 1.177921e-03
7.142469e+01 1.191308e-03
7.162469e+01 1.257501e-03
7.182469e+01 1.315164e-03
7.202469e+01 1.307557e-03
7.222469e+01 1.238550e-03
7.242469e+01 1.148288e-03
7.262469e+01 1.064614e-03
7.282469e+01 9.850145e-04
7.302469e+01 9.217328e-04
7.322469e+01 8.970000e-04
7.342469e+01 9.097522e-04
7.362469e+01 9.364882e-04
7.382469e+01 9.497422e-04
7.402469e+01 9.571315e-04
7.422469e+01 9.767466e-04
7.442469e+01 9.989062e-04
7.462469e+01 1.021365e-03
7.482469e+01 1.067403e-03
7.502469e+01 1.126956e-03
7.522469e+01 1.134023e-03
7.542469e+01 1.090321e-03
7.562469e+01 1.068075e-03
7.582469e+01 1.105176e-03
7.602469e+01 1.120478e-03
7.622469e+01 1.046087e-03
7.642469e+01 8.989558e-04
7.662469e+01 7.611011e-04
7.682469e+01 6.489063e-04
7.702469e+01 6.040243e-04
7.722469e+01 6.686429e-04
7.742469e+01 8.351337e-04
7.762469e+01 1.000075e-03
7.782469e+01 1.059755e-03
7.802469e+01 1.004098e-03
7.822469e+01 8.519524e-04
7.842469e+01 6.695005e-04
7.862469e+01 5.465078e-04
7.882469e+01 5.483611e-04
7.902469e+01 6.306306e-04
7.922469e+01 7.016533e-04
7.942469e+01 7.444640e-04
7.962469e+01 7.676005e-04
7.982469e+01 7.669763e-04
8.002469e+01 7.282175e-04
8.022469e+01 6.869376e-04
8.042469e+01 6.766826e-04
8.062469e+01 6.877826e-04
8.082469e+01 7.096329e-04
8.102469e+01 7.475679e-04
8.122469e+01 7.845927e-04
8.142469e+01 8.123442e-04
8.162469e+01 7.979602e-04
8.182469e+01 7.462899e-04
8.202469e+01 6.734052e-04
8.222469e+01 6.204169e-04
8.242469e+01 5.984602e-04
8.262469e+01 5.876073e-04
8.282469e+01 5.819321e-04
8.302469e+01 6.092865e-04
8.322469e+01 6.713877e-04
8.342469e+01 7.294954e-04
8.362469e+01 7.422524e-04
8.382469e+01 6.997327e-04
8.402469e+01 6.002828e-04
8.422469e+01 4.692102e-04
8.442469e+01 3.523152e-04
8.462469e+01 2.836005e-04
8.482469e+01 2.794708e-04
8.502469e+01 3.320047e-04
8.522469e+01 4.419017e-04
8.542469e+01 5.535797e-04
8.562469e+01 6.030079e-04
8.582469e+01 5.800139e-04
8.602469e+01 5.509172e-04
8.622469e+01 5.905419e-04
8.642469e+01 6.903958e-04
8.662469e+01 7.729776e-04
8.682469e+01 7.729522e-04
8.702469e+01 6.813742e-04
8.722469e+01 5.767588e-04
8.742469e+01 5.077060e-04
8.762469e+01 4.687967e-04
8.782469e+01 4.094723e-04
8.802469e+01 3.313772e-04
8.822469e+01 3.253066e-04
8.842469e+01 4.610766e-04
8.862469e+01 6.819445e-04
8.882469e+01 8.493495e-04
8.902469e+01 8.858533e-04
8.922469e+01 8.356369e-04
8.942469e+01 7.479662e-04
8.962469e+01 6.673917e-04
8.982469e+01 6.265366e-04
9.002469e+01 6.050565e-04
9.022469e+01 5.301852e-04
9.042469e+01 3.780310e-04
9.062469e+01 2.744358e-04
9.082469e+01 3.148738e-04
9.102469e+01 4.250085e-04
9.122469e+01 4.614126e-04
9.142469e+01 3.936664e-04
9.162469e+01 3.228087e-04
9.182469e+01 3.447932e-04
9.202469e+01 4.433346e-04
9.222469e+01 5.229490e-04
9.242469e+01 5.048036e-04
9.262469e+01 3.971307e-04
9.282469e+01 2.803353e-04
9.302469e+01 2.198469e-04
9.322469e+01 2.266650e-04
9.342469e+01 2.779183e-04
9.362469e+01 3.269973e-04
9.382469e+01 3.131451e-04
9.402469e+01 2.302985e-04
9.422469e+01 1.633877e-04
9.442469e+01 1.875569e-04
9.462469e+01 2.652475e-04
9.482469e+01 3.112509e-04
9.502469e+01 3.415591e-04
9.522469e+01 4.387657e-04
9.542469e+01 5.959884e-04
9.562469e+01 7.066885e-04
9.582469e+01 6.833014e-04
9.602469e+01 5.401362e-04
9.622469e+01 3.814326e-04
9.642469e+01 3.200761e-04
9.662469e+01 3.940377e-04
9.682469e+01 5.214994e-04
9.702469e+01 6.153865e-04
9.722469e+01 6.612896e-04
9.742469e+01 7.240685e-04
9.762469e+01 8.196387e-04
