7.155000e-03 0.000000e+00
1.071550e-01 4.840593e-07
2.071550e-01 1.385701e-06
3.071550e-01 1.869760e-06
4.071550e-01 2.771402e-06
5.071550e-01 4.574686e-06
6.071550e-01 5.058744e-06
7.071550e-01 5.960385e-06
8.071550e-01 6.444443e-06
9.071550e-01 6.928500e-06
1.007155e+00 7.830139e-06
1.107155e+00 8.314195e-06
1.207155e+00 9.215833e-06
1.307155e+00 9.699888e-06
1.407155e+00 1.150317e-05
1.507155e+00 1.240480e-05
1.607155e+00 1.288885e-05
1.707155e+00 1.337291e-05
1.807155e+00 1.427454e-05
1.907155e+00 1.475859e-05
2.007155e+00 1.566022e-05
2.107155e+00 1.614426e-05
2.207155e+00 1.662831e-05
2.307155e+00 1.752994e-05
2.407155e+00 1.933320e-05
2.507155e+00 1.981725e-05
2.607155e+00 2.071887e-05
2.707155e+00 2.120291e-05
2.807155e+00 2.210453e-05
2.907155e+00 2.258856e-05
3.007155e+00 2.307260e-05
3.107155e+00 2.397421e-05
3.207155e+00 2.445824e-05
3.307155e+00 2.626149e-05
3.407155e+00 2.716310e-05
3.507155e+00 2.764713e-05
3.607155e+00 2.854873e-05
3.707155e+00 2.903275e-05
3.807155e+00 2.951677e-05
3.907155e+00 3.041837e-05
4.007155e+00 3.090238e-05
4.107155e+00 2.894737e-05
4.207155e+00 2.837806e-05
4.307155e+00 2.835929e-05
4.407155e+00 2.937511e-05
4.507155e+00 3.190959e-05
4.607155e+00 3.651325e-05
4.707155e+00 4.380313e-05
4.807155e+00 5.710114e-05
4.907155e+00 7.812538e-05
5.007155e+00 1.119824e-04
5.107155e+00 1.680021e-04
5.207155e+00 2.587515e-04
5.307155e+00 4.092687e-04
5.407155e+00 6.576801e-04
5.507155e+00 1.056937e-03
5.607155e+00 1.689413e-03
5.707155e+00 2.655401e-03
5.807155e+00 4.072179e-03
5.907155e+00 6.064771e-03
6.007155e+00 8.733085e-03
6.107155e+00 1.213016e-02
6.207155e+00 1.622169e-02
6.307155e+00 2.085458e-02
6.407155e+00 2.572671e-02
6.507155e+00 3.041413e-02
6.607155e+00 3.442187e-02
6.707155e+00 3.728737e-02
6.807155e+00 3.869565e-02
6.907155e+00 3.854961e-02
7.007155e+00 3.699100e-02
7.107155e+00 3.434525e-02
7.207155e+00 3.103263e-02
7.307155e+00 2.746548e-02
7.407155e+00 2.397728e-02
7.507155e+00 2.079769e-02
7.607155e+00 1.804618e-02
7.707155e+00 1.576533e-02
7.807155e+00 1.394349e-02
7.907155e+00 1.254228e-02
8.007155e+00 1.151608e-02
8.107155e+00 1.081253e-02
8.207155e+00 1.038739e-02
8.307155e+00 1.020355e-02
8.407155e+00 1.022531e-02
8.507155e+00 1.042660e-02
8.607155e+00 1.078087e-02
8.707155e+00 1.126428e-02
8.807155e+00 1.185202e-02
8.907155e+00 1.251768e-02
9.007155e+00 1.323324e-02
9.107155e+00 1.397123e-02
9.207155e+00 1.470175e-02
9.307155e+00 1.539773e-02
9.407155e+00 1.603494e-02
9.507155e+00 1.659804e-02
9.607155e+00 1.707721e-02
9.707155e+00 1.747544e-02
9.807155e+00 1.780332e-02
9.907155e+00 1.807236e-02
1.000715e+01 1.829762e-02
1.010716e+01 1.849094e-02
1.020716e+01 1.866065e-02
1.030715e+01 1.881446e-02
1.040715e+01 1.895957e-02
1.050715e+01 1.910177e-02
1.060716e+01 1.925161e-02
1.070716e+01 1.941917e-02
1.080715e+01 1.961410e-02
1.090715e+01 1.984246e-02
1.100715e+01 2.010985e-02
1.110716e+01 2.041786e-02
1.120716e+01 2.076359e-02
1.130715e+01 2.114145e-02
1.140715e+01 2.154615e-02
1.150715e+01 2.197017e-02
1.160716e+01 2.240418e-02
1.170716e+01 2.283913e-02
1.180715e+01 2.326461e-02
1.190715e+01 2.367476e-02
1.200715e+01 2.407053e-02
1.210716e+01 2.445728e-02
1.220716e+01 2.484366e-02
1.230715e+01 2.523985e-02
1.240715e+01 2.565115e-02
1.250715e+01 2.607316e-02
1.260716e+01 2.649416e-02
1.270716e+01 2.689652e-02
1.280715e+01 2.726331e-02
1.290715e+01 2.757857e-02
1.300715e+01 2.783866e-02
1.310716e+01 2.805066e-02
1.320716e+01 2.822898e-02
1.330715e+01 2.839529e-02
1.340715e+01 2.857187e-02
1.350715e+01 2.877367e-02
1.360716e+01 2.901079e-02
1.370716e+01 2.928836e-02
1.380715e+01 2.959928e-02
1.390715e+01 2.993656e-02
1.400715e+01 3.029408e-02
1.410716e+01 3.066594e-02
1.420716e+01 3.105399e-02
1.430715e+01 3.146199e-02
1.440715e+01 3.190044e-02
1.450715e+01 3.237799e-02
1.460716e+01 3.289421e-02
1.470716e+01 3.344799e-02
1.480715e+01 3.402145e-02
1.490715e+01 3.459821e-02
1.500715e+01 3.515642e-02
1.510716e+01 3.567964e-02
1.520716e+01 3.615582e-02
1.530715e+01 3.658165e-02
1.540715e+01 3.696157e-02
1.550715e+01 3.730943e-02
1.560716e+01 3.763831e-02
1.570716e+01 3.796227e-02
1.580715e+01 3.829628e-02
1.590715e+01 3.864867e-02
1.600716e+01 3.902028e-02
1.610715e+01 3.941409e-02
1.620716e+01 3.982283e-02
1.630716e+01 4.024308e-02
1.640715e+01 4.066770e-02
1.650716e+01 4.109238e-02
1.660715e+01 4.151478e-02
1.670716e+01 4.193236e-02
1.680716e+01 4.235196e-02
1.690715e+01 4.277720e-02
1.700716e+01 4.321811e-02
1.710715e+01 4.368331e-02
1.720716e+01 4.417739e-02
1.730716e+01 4.470494e-02
1.740715e+01 4.525923e-02
1.750716e+01 4.583002e-02
1.760715e+01 4.640196e-02
1.770716e+01 4.695836e-02
1.780716e+01 4.748531e-02
1.790715e+01 4.797288e-02
1.800716e+01 4.842043e-02
1.810715e+01 4.883880e-02
1.820716e+01 4.923982e-02
1.830716e+01 4.963495e-02
1.840715e+01 5.003355e-02
1.850716e+01 5.043005e-02
1.860715e+01 5.082070e-02
1.870716e+01 5.119251e-02
1.880716e+01 5.153947e-02
1.890715e+01 5.185998e-02
1.900716e+01 5.215778e-02
1.910715e+01 5.243358e-02
1.920716e+01 5.268953e-02
1.930716e+01 5.292081e-02
1.940715e+01 5.312494e-02
1.950716e+01 5.329405e-02
1.960715e+01 5.342640e-02
1.970716e+01 5.352131e-02
1.980716e+01 5.358584e-02
1.990715e+01 5.362897e-02
2.000716e+01 5.366426e-02
2.010715e+01 5.370479e-02
2.020716e+01 5.375955e-02
2.030716e+01 5.383397e-02
2.040715e+01 5.392484e-02
2.050716e+01 5.402198e-02
2.060715e+01 5.411581e-02
2.070716e+01 5.419868e-02
2.080716e+01 5.426476e-02
2.090715e+01 5.431552e-02
2.100716e+01 5.434668e-02
2.110715e+01 5.435540e-02
2.120716e+01 5.433793e-02
2.130716e+01 5.429099e-02
2.140715e+01 5.421346e-02
2.150716e+01 5.410722e-02
2.160715e+01 5.397734e-02
2.170716e+01 5.382925e-02
2.180716e+01 5.366803e-02
2.190715e+01 5.349653e-02
2.200716e+01 5.331315e-02
2.210715e+01 5.311843e-02
2.220716e+01 5.291023e-02
2.230716e+01 5.268881e-02
2.240715e+01 5.245444e-02
2.250716e+01 5.221526e-02
2.260715e+01 5.197418e-02
2.270716e+01 5.173804e-02
2.280716e+01 5.150548e-02
2.290715e+01 5.127741e-02
2.300716e+01 5.105117e-02
2.310715e+01 5.082154e-02
2.320716e+01 5.058451e-02
2.330716e+01 5.033557e-02
2.340715e+01 5.006960e-02
2.350716e+01 4.977753e-02
2.360715e+01 4.945502e-02
2.370716e+01 4.910131e-02
2.380716e+01 4.872232e-02
2.390715e+01 4.832544e-02
2.400716e+01 4.792740e-02
2.410715e+01 4.753723e-02
2.420716e+01 4.716145e-02
2.430716e+01 4.680312e-02
2.440715e+01 4.646230e-02
2.450716e+01 4.613500e-02
2.460715e+01 4.582110e-02
2.470716e+01 4.551692e-02
2.480716e+01 4.521686e-02
2.490715e+01 4.491527e-02
2.500716e+01 4.460297e-02
2.510715e+01 4.427336e-02
2.520716e+01 4.392169e-02
2.530716e+01 4.354506e-02
2.540715e+01 4.314713e-02
2.550716e+01 4.272984e-02
2.560715e+01 4.229680e-02
2.570716e+01 4.184897e-02
2.580716e+01 4.138539e-02
2.590715e+01 4.091081e-02
2.600716e+01 4.042987e-02
2.610715e+01 3.995516e-02
2.620716e+01 3.950191e-02
2.630716e+01 3.908673e-02
2.640715e+01 3.872054e-02
2.650716e+01 3.840424e-02
2.660715e+01 3.812943e-02
2.670716e+01 3.787419e-02
2.680716e+01 3.761515e-02
2.690715e+01 3.733165e-02
2.700716e+01 3.701174e-02
2.710715e+01 3.665351e-02
2.720716e+01 3.626791e-02
2.730716e+01 3.586711e-02
2.740715e+01 3.546254e-02
2.750716e+01 3.505913e-02
2.760715e+01 3.465835e-02
2.770716e+01 3.425696e-02
2.780716e+01 3.385481e-02
2.790715e+01 3.344993e-02
2.800716e+01 3.304337e-02
2.810715e+01 3.263426e-02
2.820716e+01 3.222302e-02
2.830716e+01 3.181440e-02
2.840715e+01 3.140658e-02
2.850716e+01 3.100402e-02
2.860715e+01 3.060770e-02
2.870716e+01 3.021779e-02
2.880716e+01 2.983574e-02
2.890715e+01 2.946033e-02
2.900716e+01 2.909452e-02
2.910715e+01 2.873551e-02
2.920716e+01 2.838429e-02
2.930716e+01 2.804142e-02
2.940715e+01 2.770141e-02
2.950716e+01 2.736277e-02
2.960715e+01 2.702637e-02
2.970716e+01 2.668795e-02
2.980716e+01 2.634805e-02
2.990715e+01 2.600206e-02
3.000716e+01 2.564701e-02
3.010715e+01 2.528263e-02
3.020716e+01 2.490949e-02
3.030716e+01 2.453388e-02
3.040715e+01 2.416204e-02
3.050716e+01 2.380414e-02
3.060715e+01 2.346456e-02
3.070716e+01 2.315278e-02
3.080716e+01 2.287211e-02
3.090715e+01 2.262704e-02
3.100716e+01 2.241251e-02
3.110715e+01 2.221562e-02
3.120716e+01 2.201750e-02
3.130716e+01 2.179507e-02
3.140715e+01 2.152586e-02
3.150716e+01 2.119758e-02
3.160715e+01 2.081059e-02
3.170716e+01 2.037139e-02
3.180716e+01 1.989725e-02
3.190715e+01 1.941145e-02
3.200715e+01 1.894099e-02
3.210715e+01 1.850894e-02
3.220716e+01 1.813557e-02
3.230716e+01 1.783251e-02
3.240716e+01 1.760346e-02
3.250715e+01 1.743955e-02
3.260715e+01 1.732580e-02
3.270716e+01 1.724065e-02
3.280716e+01 1.715998e-02
3.290716e+01 1.705703e-02
3.300715e+01 1.691249e-02
3.310715e+01 1.671285e-02
3.320716e+01 1.645468e-02
3.330716e+01 1.614253e-02
3.340716e+01 1.579279e-02
3.350715e+01 1.541924e-02
3.360715e+01 1.503514e-02
3.370716e+01 1.465242e-02
3.380716e+01 1.428257e-02
3.390716e+01 1.393654e-02
3.400715e+01 1.362538e-02
3.410715e+01 1.335486e-02
3.420716e+01 1.312601e-02
3.430716e+01 1.293155e-02
3.440716e+01 1.275979e-02
3.450715e+01 1.259863e-02
3.460715e+01 1.244200e-02
3.470716e+01 1.228467e-02
3.480716e+01 1.212742e-02
3.490716e+01 1.197453e-02
3.500715e+01 1.182673e-02
3.510715e+01 1.168391e-02
3.520716e+01 1.154107e-02
3.530716e+01 1.139423e-02
3.540716e+01 1.123236e-02
3.550715e+01 1.104973e-02
3.560715e+01 1.083451e-02
3.570716e+01 1.058495e-02
3.580716e+01 1.030026e-02
3.590716e+01 9.990530e-03
3.600715e+01 9.664245e-03
3.610715e+01 9.339418e-03
3.620716e+01 9.025332e-03
3.630716e+01 8.732594e-03
3.640716e+01 8.463895e-03
3.650715e+01 8.218017e-03
3.660715e+01 7.989338e-03
3.670716e+01 7.776577e-03
3.680716e+01 7.578480e-03
3.690716e+01 7.394591e-03
3.700715e+01 7.233594e-03
3.710715e+01 7.101174e-03
3.720716e+01 6.999417e-03
3.730716e+01 6.927938e-03
3.740716e+01 6.878075e-03
3.750715e+01 6.832909e-03
3.760715e+01 6.774279e-03
3.770716e+01 6.683618e-03
3.780716e+01 6.550260e-03
3.790716e+01 6.372246e-03
3.800715e+01 6.158985e-03
3.810715e+01 5.922808e-03
3.820716e+01 5.679480e-03
3.830716e+01 5.441161e-03
3.840716e+01 5.215490e-03
3.850715e+01 5.009975e-03
3.860715e+01 4.827298e-03
3.870716e+01 4.673629e-03
3.880716e+01 4.553473e-03
3.890716e+01 4.468893e-03
3.900715e+01 4.412413e-03
3.910715e+01 4.373716e-03
3.920716e+01 4.339530e-03
3.930716e+01 4.292233e-03
3.940716e+01 4.221635e-03
3.950715e+01 4.121462e-03
3.960715e+01 3.994162e-03
3.970716e+01 3.845637e-03
3.980716e+01 3.690121e-03
3.990716e+01 3.544863e-03
4.000715e+01 3.424540e-03
4.010715e+01 3.336260e-03
4.020716e+01 3.279153e-03
4.030716e+01 3.241272e-03
4.040716e+01 3.206224e-03
4.050715e+01 3.160085e-03
4.060715e+01 3.089413e-03
4.070716e+01 2.989063e-03
4.080716e+01 2.858802e-03
4.090716e+01 2.701935e-03
4.100715e+01 2.527119e-03
4.110715e+01 2.343141e-03
4.120716e+01 2.163165e-03
4.130716e+01 1.996028e-03
4.140716e+01 1.852283e-03
4.150715e+01 1.738210e-03
4.160715e+01 1.649568e-03
4.170716e+01 1.578664e-03
4.180716e+01 1.511782e-03
4.190716e+01 1.433475e-03
4.200715e+01 1.330162e-03
4.210715e+01 1.200049e-03
4.220716e+01 1.052204e-03
4.230716e+01 9.057087e-04
4.240716e+01 7.803395e-04
4.250715e+01 6.956588e-04
4.260715e+01 6.588569e-04
4.270716e+01 6.651108e-04
4.280716e+01 7.030089e-04
4.290716e+01 7.545704e-04
4.300715e+01 8.022792e-04
4.310715e+01 8.352832e-04
4.320716e+01 8.498286e-04
4.330716e+01 8.448987e-04
4.340716e+01 8.261836e-04
4.350715e+01 7.981077e-04
4.360715e+01 7.629368e-04
4.370716e+01 7.168940e-04
4.380716e+01 6.574631e-04
4.390716e+01 5.790791e-04
4.400715e+01 4.788162e-04
4.410715e+01 3.608146e-04
4.420716e+01 2.366744e-04
4.430716e+01 1.132690e-04
4.440716e+01 1.330611e-06
4.450715e+01 -9.020695e-05
4.460715e+01 -1.612442e-04
4.470716e+01 -2.062155e-04
4.480716e+01 -2.227052e-04
4.490716e+01 -2.105998e-04
4.500715e+01 -1.712292e-04
4.510715e+01 -1.181106e-04
4.520716e+01 -6.031800e-05
4.530716e+01 -1.696593e-05
4.540716e+01 -8.062625e-07
4.550715e+01 -2.056806e-05
4.560715e+01 -7.477501e-05
4.570716e+01 -1.579295e-04
4.580716e+01 -2.578882e-04
4.590716e+01 -3.572678e-04
4.600715e+01 -4.453407e-04
4.610715e+01 -5.109760e-04
4.620716e+01 -5.462618e-04
4.630716e+01 -5.521415e-04
4.640716e+01 -5.344540e-04
4.650715e+01 -5.035058e-04
4.660715e+01 -4.721847e-04
4.670716e+01 -4.520494e-04
4.680716e+01 -4.458821e-04
4.690716e+01 -4.533066e-04
4.700715e+01 -4.651603e-04
4.710715e+01 -4.792671e-04
4.720716e+01 -4.929573e-04
4.730716e+01 -5.082986e-04
4.740716e+01 -5.321168e-04
4.750715e+01 -5.681618e-04
4.760715e+01 -6.162133e-04
4.770716e+01 -6.756839e-04
4.780716e+01 -7.351869e-04
4.790716e+01 -7.812026e-04
4.800715e+01 -7.982574e-04
4.810715e+01 -7.721811e-04
4.820716e+01 -7.011330e-04
4.830716e+01 -5.893548e-04
4.840716e+01 -4.541912e-04
4.850715e+01 -3.224975e-04
4.860715e+01 -2.201697e-04
4.870716e+01 -1.691047e-04
4.880716e+01 -1.767216e-04
4.890716e+01 -2.407533e-04
4.900715e+01 -3.463113e-04
4.910715e+01 -4.723274e-04
4.920716e+01 -5.960356e-04
4.930716e+01 -6.986427e-04
4.940716e+01 -7.723242e-04
4.950715e+01 -8.171608e-04
4.960715e+01 -8.410772e-04
4.970716e+01 -8.550626e-04
4.980716e+01 -8.652102e-04
4.990716e+01 -8.740588e-04
5.000715e+01 -8.827020e-04
5.010715e+01 -8.861464e-04
5.020716e+01 -8.831952e-04
5.030716e+01 -8.736678e-04
5.040716e+01 -8.551511e-04
5.050715e+01 -8.307025e-04
5.060715e+01 -8.074000e-04
5.070716e+01 -7.863390e-04
5.080716e+01 -7.738841e-04
5.090716e+01 -7.681827e-04
5.100715e+01 -7.651273e-04
5.110715e+01 -7.623598e-04
5.120716e+01 -7.635548e-04
5.130716e+01 -7.702613e-04
5.140716e+01 -7.886944e-04
5.150715e+01 -8.206831e-04
5.160715e+01 -8.595717e-04
5.170716e+01 -8.960492e-04
5.180716e+01 -9.162936e-04
5.190716e+01 -9.091406e-04
5.200715e+01 -8.730607e-04
5.210715e+01 -8.113980e-04
5.220716e+01 -7.364231e-04
5.230716e+01 -6.604041e-04
5.240716e+01 -5.917261e-04
5.250715e+01 -5.344707e-04
5.260715e+01 -4.834769e-04
5.270716e+01 -4.331360e-04
5.280716e+01 -3.809055e-04
5.290716e+01 -3.229092e-04
5.300715e+01 -2.631520e-04
5.310715e+01 -2.060104e-04
5.320716e+01 -1.563638e-04
5.330716e+01 -1.186315e-04
5.340716e+01 -9.990672e-05
5.350715e+01 -9.893369e-05
5.360715e+01 -1.157738e-04
5.370716e+01 -1.434197e-04
5.380716e+01 -1.756544e-04
5.390716e+01 -2.019161e-04
5.400715e+01 -2.128649e-04
5.410715e+01 -2.018381e-04
5.420716e+01 -1.679051e-04
5.430716e+01 -1.124541e-04
5.440716e+01 -4.522436e-05
5.450715e+01 2.488068e-05
5.460715e+01 8.711309e-05
5.470716e+01 1.334139e-04
5.480716e+01 1.619089e-04
5.490716e+01 1.725455e-04
5.500715e+01 1.676437e-04
5.510715e+01 1.530670e-04
5.520716e+01 1.273545e-04
5.530716e+01 9.175362e-05
5.540716e+01 4.129616e-05
5.550715e+01 -1.975691e-05
5.560715e+01 -8.556910e-05
5.570716e+01 -1.442276e-04
5.580716e+01 -1.840462e-04
5.590716e+01 -1.898035e-04
5.600715e+01 -1.547857e-04
5.610715e+01 -8.145712e-05
5.620716e+01 2.023780e-05
5.630716e+01 1.337292e-04
5.640716e+01 2.412420e-04
5.650715e+01 3.284575e-04
5.660715e+01 3.890833e-04
5.670716e+01 4.177645e-04
5.680716e+01 4.211131e-04
5.690716e+01 4.040889e-04
5.700715e+01 3.739512e-04
5.710715e+01 3.318544e-04
5.720716e+01 2.797915e-04
5.730716e+01 2.157993e-04
5.740716e+01 1.447942e-04
5.750715e+01 6.946900e-05
5.760715e+01 2.581036e-06
5.770716e+01 -4.318711e-05
5.780716e+01 -5.905597e-05
5.790716e+01 -4.195706e-05
5.800715e+01 5.880191e-06
5.810715e+01 7.164811e-05
5.820716e+01 1.433489e-04
5.830716e+01 2.115347e-04
5.840716e+01 2.697990e-04
5.850715e+01 3.139530e-04
5.860715e+01 3.384982e-04
5.870716e+01 3.380905e-04
5.880716e+01 3.040091e-04
5.890716e+01 2.342291e-04
5.900715e+01 1.316170e-04
5.910715e+01 8.233925e-06
5.920716e+01 -1.111321e-04
5.930716e+01 -2.031996e-04
5.940716e+01 -2.446809e-04
5.950715e+01 -2.220049e-04
5.960715e+01 -1.325722e-04
5.970716e+01 1.453912e-05
5.980716e+01 1.983703e-04
5.990716e+01 3.888474e-04
6.000715e+01 5.544906e-04
6.010715e+01 6.619905e-04
6.020716e+01 6.937039e-04
6.030716e+01 6.415411e-04
6.040716e+01 5.193261e-04
6.050715e+01 3.554400e-04
6.060715e+01 1.839499e-04
6.070716e+01 4.044797e-05
6.080716e+01 -5.174274e-05
6.090716e+01 -8.322620e-05
6.100715e+01 -5.914234e-05
6.110715e+01 5.760394e-06
6.120716e+01 9.615516e-05
6.130716e+01 1.958410e-04
6.140716e+01 2.951587e-04
6.150715e+01 3.856966e-04
6.160715e+01 4.652656e-04
6.170716e+01 5.272643e-04
6.180716e+01 5.690679e-04
6.190716e+01 5.841074e-04
6.200715e+01 5.723572e-04
6.210715e+01 5.368679e-04
6.220716e+01 4.867681e-04
6.230716e+01 4.267947e-04
6.240716e+01 3.642612e-04
6.250715e+01 3.033857e-04
6.260715e+01 2.505895e-04
6.270716e+01 2.131942e-04
6.280716e+01 1.998478e-04
6.290716e+01 2.126758e-04
6.300715e+01 2.535161e-04
6.310715e+01 3.132143e-04
6.320716e+01 3.810341e-04
6.330716e+01 4.406082e-04
6.340716e+01 4.817876e-04
6.350715e+01 4.996542e-04
6.360715e+01 4.940904e-04
6.370716e+01 4.762354e-04
6.380716e+01 4.535558e-04
6.390716e+01 4.360295e-04
6.400715e+01 4.308794e-04
6.410716e+01 4.395313e-04
6.420716e+01 4.573475e-04
6.430715e+01 4.814293e-04
6.440716e+01 5.024383e-04
6.450715e+01 5.154538e-04
6.460716e+01 5.183180e-04
6.470716e+01 5.141503e-04
6.480715e+01 5.091933e-04
6.490716e+01 5.110012e-04
6.500715e+01 5.288400e-04
6.510716e+01 5.662994e-04
6.520716e+01 6.274434e-04
6.530715e+01 7.110211e-04
6.540716e+01 8.114099e-04
6.550715e+01 9.203345e-04
6.560716e+01 1.021034e-03
6.570716e+01 1.098054e-03
6.580715e+01 1.132694e-03
6.590716e+01 1.118522e-03
6.600715e+01 1.053502e-03
6.610716e+01 9.466995e-04
6.620716e+01 8.142292e-04
6.630715e+01 6.794738e-04
6.640716e+01 5.646217e-04
6.650715e+01 4.915485e-04
6.660716e+01 4.751154e-04
6.670716e+01 5.205454e-04
6.680715e+01 6.233005e-04
6.690716e+01 7.664602e-04
6.700715e+01 9.285352e-04
6.710716e+01 1.083937e-03
6.720716e+01 1.206530e-03
6.730715e+01 1.276252e-03
6.740716e+01 1.281739e-03
6.750715e+01 1.219183e-03
6.760716e+01 1.097593e-03
6.770716e+01 9.326536e-04
6.780715e+01 7.498720e-04
6.790716e+01 5.770827e-04
6.800715e+01 4.482649e-04
6.810716e+01 3.830311e-04
6.820716e+01 3.938973e-04
6.830715e+01 4.735447e-04
6.840716e+01 6.031894e-04
6.850715e+01 7.486662e-04
6.860716e+01 8.800644e-04
6.870716e+01 9.723319e-04
6.880715e+01 1.011317e-03
6.890716e+01 9.964752e-04
6.900715e+01 9.403970e-04
6.910716e+01 8.622267e-04
6.920716e+01 7.864312e-04
6.930715e+01 7.331030e-04
6.940716e+01 7.122880e-04
6.950715e+01 7.261575e-04
6.960716e+01 7.690865e-04
6.970716e+01 8.275916e-04
6.980715e+01 8.878233e-04
6.990716e+01 9.327829e-04
7.000715e+01 9.481318e-04
7.010716e+01 9.212041e-04
7.020716e+01 8.484876e-04
7.030715e+01 7.307520e-04
7.040716e+01 5.876224e-04
7.050715e+01 4.443886e-04
7.060716e+01 3.333313e-04
7.070716e+01 2.802532e-04
7.080715e+01 2.947688e-04
7.090716e+01 3.681535e-04
7.100715e+01 4.772360e-04
7.110716e+01 5.896725e-04
7.120716e+01 6.744317e-04
7.130715e+01 7.117963e-04
7.140716e+01 6.955871e-04
7.150715e+01 6.370622e-04
7.160716e+01 5.527722e-04
7.170716e+01 4.640244e-04
7.180715e+01 3.834867e-04
7.190716e+01 3.247836e-04
7.200715e+01 2.907577e-04
7.210716e+01 2.847846e-04
7.220716e+01 3.067968e-04
7.230715e+01 3.558293e-04
7.240716e+01 4.286677e-04
7.250715e+01 5.157932e-04
7.260716e+01 6.053134e-04
7.270716e+01 6.799582e-04
7.280715e+01 7.266652e-04
7.290716e+01 7.348590e-04
7.300715e+01 6.988362e-04
7.310716e+01 6.221167e-04
7.320716e+01 5.131145e-04
7.330715e+01 3.888552e-04
7.340716e+01 2.670271e-04
7.350715e+01 1.624578e-04
7.360716e+01 8.794660e-05
7.370716e+01 4.584094e-05
7.380715e+01 2.924884e-05
7.390716e+01 3.462847e-05
7.400715e+01 5.298293e-05
7.410716e+01 8.203558e-05
7.420716e+01 1.171604e-04
7.430715e+01 1.557431e-04
7.440716e+01 1.902429e-04
7.450715e+01 2.105113e-04
7.460716e+01 2.042570e-04
7.470716e+01 1.645335e-04
7.480715e+01 8.937650e-05
7.490716e+01 -1.426272e-05
7.500715e+01 -1.340338e-04
7.510716e+01 -2.473280e-04
7.520716e+01 -3.301834e-04
7.530715e+01 -3.651053e-04
7.540716e+01 -3.429147e-04
7.550715e+01 -2.676499e-04
7.560716e+01 -1.570148e-04
7.570716e+01 -3.628066e-05
7.580715e+01 6.435780e-05
7.590716e+01 1.216082e-04
7.600715e+01 1.185590e-04
7.610716e+01 5.407607e-05
7.620716e+01 -6.515636e-05
7.630715e+01 -2.144233e-04
7.640716e+01 -3.715408e-04
7.650715e+01 -5.054194e-04
7.660716e+01 -5.997054e-04
7.670716e+01 -6.419073e-04
7.680715e+01 -6.391861e-04
7.690716e+01 -6.005193e-04
7.700715e+01 -5.411418e-04
7.710716e+01 -4.720412e-04
7.720716e+01 -3.964526e-04
7.730715e+01 -3.150949e-04
7.740716e+01 -2.286367e-04
7.750715e+01 -1.389840e-04
7.760716e+01 -5.621245e-05
7.770716e+01 8.442006e-06
7.780715e+01 4.388033e-05
7.790716e+01 3.938958e-05
7.800715e+01 -9.218454e-06
7.810716e+01 -1.058882e-04
7.820716e+01 -2.399001e-04
7.830715e+01 -3.975540e-04
7.840716e+01 -5.556331e-04
7.850715e+01 -6.859788e-04
7.860716e+01 -7.651822e-04
7.870716e+01 -7.787969e-04
7.880715e+01 -7.272056e-04
7.890716e+01 -6.201902e-04
7.900715e+01 -4.807254e-04
7.910716e+01 -3.338729e-04
7.920716e+01 -2.056035e-04
7.930715e+01 -1.180211e-04
7.940716e+01 -8.015219e-05
7.950715e+01 -9.846026e-05
7.960716e+01 -1.579859e-04
7.970716e+01 -2.416740e-04
7.980715e+01 -3.237257e-04
7.990716e+01 -3.805081e-04
8.000715e+01 -3.967928e-04
8.010716e+01 -3.647721e-04
8.020716e+01 -2.890280e-04
8.030715e+01 -1.771386e-04
8.040716e+01 -4.908597e-05
8.050715e+01 7.609010e-05
8.060716e+01 1.727436e-04
8.070716e+01 2.214708e-04
8.080715e+01 2.094602e-04
8.090716e+01 1.350586e-04
8.100715e+01 1.193082e-05
8.110716e+01 -1.373586e-04
8.120716e+01 -2.845591e-04
8.130715e+01 -4.062450e-04
8.140716e+01 -4.851541e-04
8.150715e+01 -5.172782e-04
8.160716e+01 -5.051983e-04
8.170716e+01 -4.607744e-04
8.180715e+01 -3.942811e-04
8.190716e+01 -3.207708e-04
8.200715e+01 -2.554487e-04
8.210716e+01 -2.090060e-04
8.220716e+01 -1.925363e-04
8.230715e+01 -2.059540e-04
8.240716e+01 -2.494744e-04
8.250715e+01 -3.135142e-04
8.260716e+01 -3.884524e-04
8.270716e+01 -4.620964e-04
8.280715e+01 -5.267890e-04
8.290716e+01 -5.759449e-04
8.300715e+01 -6.032735e-04
8.310716e+01 -6.051931e-04
8.320716e+01 -5.826650e-04
8.330715e+01 -5.340068e-04
8.340716e+01 -4.630553e-04
8.350715e+01 -3.787859e-04
8.360716e+01 -2.904361e-04
8.370716e+01 -2.122928e-04
8.380715e+01 -1.541783e-04
8.390716e+01 -1.184085e-04
8.400715e+01 -1.033525e-04
8.410716e+01 -9.914712e-05
8.420716e+01 -9.849439e-05
8.430715e+01 -9.466654e-05
8.440716e+01 -9.098466e-05
8.450715e+01 -9.209199e-05
8.460716e+01 -1.110530e-04
8.470716e+01 -1.570742e-04
8.480715e+01 -2.316134e-04
8.490716e+01 -3.314249e-04
8.500715e+01 -4.402020e-04
8.510716e+01 -5.429885e-04
8.520716e+01 -6.182890e-04
8.530715e+01 -6.536595e-04
8.540716e+01 -6.413638e-04
8.550715e+01 -5.862675e-04
8.560716e+01 -4.991695e-04
8.570716e+01 -3.939586e-04
8.580715e+01 -2.861233e-04
8.590716e+01 -1.841743e-04
8.600715e+01 -9.663414e-05
8.610716e+01 -2.547908e-05
8.620716e+01 2.994347e-05
8.630715e+01 6.756248e-05
8.640716e+01 8.606579e-05
8.650715e+01 8.235307e-05
8.660716e+01 5.401028e-05
8.670716e+01 -1.012442e-07
8.680715e+01 -7.460087e-05
8.690716e+01 -1.640302e-04
8.700715e+01 -2.570870e-04
8.710716e+01 -3.467074e-04
8.720716e+01 -4.243331e-04
8.730715e+01 -4.851595e-04
8.740716e+01 -5.244182e-04
8.750715e+01 -5.390830e-04
8.760716e+01 -5.324679e-04
8.770716e+01 -5.032629e-04
8.780715e+01 -4.573292e-04
8.790716e+01 -3.962850e-04
8.800715e+01 -3.213595e-04
8.810716e+01 -2.403011e-04
8.820716e+01 -1.603943e-04
8.830715e+01 -9.232433e-05
8.840716e+01 -5.502416e-05
8.850715e+01 -5.859244e-05
8.860716e+01 -1.081997e-04
8.870716e+01 -1.993199e-04
8.880715e+01 -3.194314e-04
8.890716e+01 -4.538079e-04
8.900715e+01 -5.890187e-04
8.910716e+01 -7.121114e-04
8.920716e+01 -8.181840e-04
8.930715e+01 -8.998278e-04
8.940716e+01 -9.497521e-04
8.950715e+01 -9.612475e-04
8.960716e+01 -9.255221e-04
8.970716e+01 -8.364028e-04
8.980715e+01 -6.929520e-04
8.990716e+01 -5.010559e-04
9.000715e+01 -2.761890e-04
9.010716e+01 -4.189599e-05
9.020716e+01 1.765956e-04
9.030715e+01 3.542313e-04
9.040716e+01 4.716736e-04
9.050715e+01 5.143835e-04
9.060716e+01 4.809386e-04
9.070716e+01 3.751068e-04
9.080715e+01 2.114668e-04
9.090716e+01 9.425147e-06
9.100715e+01 -2.016436e-04
9.110716e+01 -3.994174e-04
9.120716e+01 -5.563413e-04
9.130715e+01 -6.550464e-04
9.140716e+01 -6.861327e-04
9.150715e+01 -6.520607e-04
9.160716e+01 -5.627692e-04
9.170716e+01 -4.326051e-04
9.180715e+01 -2.828730e-04
9.190716e+01 -1.322230e-04
9.200715e+01 -5.133746e-07
9.210716e+01 9.947976e-05
9.220716e+01 1.598584e-04
9.230715e+01 1.780930e-04
9.240716e+01 1.600733e-04
9.250715e+01 1.179396e-04
9.260716e+01 6.693784e-05
9.270716e+01 2.414224e-05
9.280715e+01 3.437010e-06
9.290716e+01 1.208645e-05
9.300715e+01 4.585688e-05
9.310716e+01 8.803460e-05
9.320716e+01 1.170479e-04
9.330715e+01 1.182699e-04
9.340716e+01 8.102989e-05
9.350715e+01 1.139419e-05
9.360716e+01 -7.365144e-05
9.370716e+01 -1.513318e-04
9.380715e+01 -2.024995e-04
9.390716e+01 -2.137053e-04
9.400715e+01 -1.790495e-04
9.410716e+01 -1.066280e-04
9.420716e+01 -5.458411e-06
