1.838600e-02 0.000000e+00
1.183860e-01 -9.767485e-07
2.183860e-01 -7.301666e-07
3.183860e-01 -1.706902e-06
4.183860e-01 -1.460298e-06
5.183860e-01 -2.437002e-06
6.183860e-01 -3.413685e-06
7.183860e-01 -3.167016e-06
8.183860e-01 -4.143641e-06
9.183860e-01 -3.896906e-06
1.018386e+00 -4.873456e-06
1.118386e+00 -5.849964e-06
1.218386e+00 -5.990324e-06
1.318386e+00 -6.966729e-06
1.418386e+00 -6.719750e-06
1.518386e+00 -7.696035e-06
1.618386e+00 -8.672254e-06
1.718386e+00 -8.425075e-06
1.818386e+00 -9.401146e-06
1.918386e+00 -9.153812e-06
2.018386e+00 -1.012972e-05
2.118386e+00 -1.110554e-05
2.218386e+00 -1.085794e-05
2.318386e+00 -1.183357e-05
2.418386e+00 -1.280909e-05
2.518386e+00 -1.256118e-05
2.618386e+00 -1.353649e-05
2.718386e+00 -1.328836e-05
2.818386e+00 -1.426343e-05
2.918386e+00 -1.523839e-05
3.018386e+00 -1.498988e-05
3.118386e+00 -1.596457e-05
3.218386e+00 -1.571580e-05
3.318386e+00 -1.669021e-05
3.418386e+00 -1.766447e-05
3.518386e+00 -1.780249e-05
3.618386e+00 -1.877645e-05
3.718386e+00 -1.852692e-05
3.818386e+00 -1.950055e-05
3.918386e+00 -2.047402e-05
4.018386e+00 -2.022399e-05
4.118386e+00 -3.336871e-05
4.218386e+00 -4.284327e-05
4.318386e+00 -4.948375e-05
4.418386e+00 -5.329014e-05
4.518386e+00 -5.342632e-05
4.618386e+00 -5.272619e-05
4.718386e+00 -5.118972e-05
4.818386e+00 -4.798082e-05
4.918386e+00 -4.432281e-05
5.018386e+00 -4.137736e-05
5.118386e+00 -3.914446e-05
5.218386e+00 -3.717522e-05
5.318386e+00 -3.746741e-05
5.418386e+00 -3.879767e-05
5.518386e+00 -4.077875e-05
5.618386e+00 -4.385946e-05
5.718386e+00 -4.726531e-05
5.818386e+00 -4.783680e-05
5.918386e+00 -4.724606e-05
6.018386e+00 -4.349529e-05
6.118386e+00 -3.742053e-05
6.218386e+00 -2.773680e-05
6.318386e+00 -1.393353e-05
6.418386e+00 4.174218e-06
6.518386e+00 2.850526e-05
6.618386e+00 5.981674e-05
6.718386e+00 1.034952e-04
6.818386e+00 1.637655e-04
6.918386e+00 2.560474e-04
7.018386e+00 3.986564e-04
7.118386e+00 6.266473e-04
7.218386e+00 9.861639e-04
7.318386e+00 1.535618e-03
7.418386e+00 2.326460e-03
7.518386e+00 3.373508e-03
7.618386e+00 4.613138e-03
7.718386e+00 5.881415e-03
7.818386e+00 6.950004e-03
7.918386e+00 7.609718e-03
8.018386e+00 7.749576e-03
8.118386e+00 7.402128e-03
8.218386e+00 6.704739e-03
8.318386e+00 5.834995e-03
8.418386e+00 4.943682e-03
8.518386e+00 4.132056e-03
8.618386e+00 3.448152e-03
8.718386e+00 2.902161e-03
8.818386e+00 2.485863e-03
8.918386e+00 2.180353e-03
9.018386e+00 1.968135e-03
9.118386e+00 1.830102e-03
9.218386e+00 1.751389e-03
9.318386e+00 1.720026e-03
9.418386e+00 1.725718e-03
9.518386e+00 1.761388e-03
9.618386e+00 1.817962e-03
9.718386e+00 1.894031e-03
9.818386e+00 1.986192e-03
9.918386e+00 2.090323e-03
1.001839e+01 2.204367e-03
1.011839e+01 2.327610e-03
1.021839e+01 2.458565e-03
1.031839e+01 2.593747e-03
1.041839e+01 2.736175e-03
1.051839e+01 2.885137e-03
1.061839e+01 3.043590e-03
1.071839e+01 3.211147e-03
1.081839e+01 3.387931e-03
1.091839e+01 3.574068e-03
1.101839e+01 3.768069e-03
1.111839e+01 3.973791e-03
1.121839e+01 4.199411e-03
1.131839e+01 4.455429e-03
1.141839e+01 4.753711e-03
1.151839e+01 5.107873e-03
1.161839e+01 5.529347e-03
1.171839e+01 6.021331e-03
1.181839e+01 6.578128e-03
1.191839e+01 7.180448e-03
1.201839e+01 7.800741e-03
1.211839e+01 8.399594e-03
1.221839e+01 8.939837e-03
1.231839e+01 9.387385e-03
1.241839e+01 9.717609e-03
1.251839e+01 9.919344e-03
1.261839e+01 9.995143e-03
1.271839e+01 9.962952e-03
1.281839e+01 9.851546e-03
1.291839e+01 9.695178e-03
1.301839e+01 9.529204e-03
1.311839e+01 9.383184e-03
1.321839e+01 9.280624e-03
1.331839e+01 9.235752e-03
1.341839e+01 9.257190e-03
1.351839e+01 9.339960e-03
1.361839e+01 9.479537e-03
1.371839e+01 9.662118e-03
1.381839e+01 9.877510e-03
1.391839e+01 1.011495e-02
1.401839e+01 1.036870e-02
1.411839e+01 1.063473e-02
1.421839e+01 1.091273e-02
1.431839e+01 1.120554e-02
1.441839e+01 1.152045e-02
1.451839e+01 1.186908e-02
1.461839e+01 1.226417e-02
1.471839e+01 1.272288e-02
1.481839e+01 1.325290e-02
1.491839e+01 1.385312e-02
1.501839e+01 1.451785e-02
1.511839e+01 1.523226e-02
1.521839e+01 1.597541e-02
1.531839e+01 1.672617e-02
1.541839e+01 1.746154e-02
1.551839e+01 1.816113e-02
1.561839e+01 1.881000e-02
1.571839e+01 1.939840e-02
1.581839e+01 1.992660e-02
1.591839e+01 2.040509e-02
1.601839e+01 2.083634e-02
1.611839e+01 2.122191e-02
1.621839e+01 2.155198e-02
1.631839e+01 2.181085e-02
1.641839e+01 2.198644e-02
1.651839e+01 2.207029e-02
1.661839e+01 2.206415e-02
1.671839e+01 2.198523e-02
1.681839e+01 2.185213e-02
1.691839e+01 2.168991e-02
1.701839e+01 2.152303e-02
1.711839e+01 2.136353e-02
1.721839e+01 2.121657e-02
1.731839e+01 2.107945e-02
1.741839e+01 2.094178e-02
1.751839e+01 2.079783e-02
1.761839e+01 2.064512e-02
1.771839e+01 2.048478e-02
1.781839e+01 2.032351e-02
1.791839e+01 2.016678e-02
1.801839e+01 2.002718e-02
1.811839e+01 1.991914e-02
1.821839e+01 1.986045e-02
1.831839e+01 1.986637e-02
1.841839e+01 1.994652e-02
1.851839e+01 2.010010e-02
1.861839e+01 2.031741e-02
1.871839e+01 2.057425e-02
1.881839e+01 2.084795e-02
1.891839e+01 2.111294e-02
1.901839e+01 2.135244e-02
1.911839e+01 2.155663e-02
1.921839e+01 2.173437e-02
1.931839e+01 2.190273e-02
1.941839e+01 2.208594e-02
1.951839e+01 2.231019e-02
1.961839e+01 2.259307e-02
1.971839e+01 2.294447e-02
1.981839e+01 2.336009e-02
1.991839e+01 2.382362e-02
2.001839e+01 2.431203e-02
2.011839e+01 2.479664e-02
2.021839e+01 2.524954e-02
2.031839e+01 2.566105e-02
2.041839e+01 2.603281e-02
2.051839e+01 2.638313e-02
2.061839e+01 2.673409e-02
2.071839e+01 2.710293e-02
2.081839e+01 2.748915e-02
2.091839e+01 2.787791e-02
2.101839e+01 2.824278e-02
2.111839e+01 2.855987e-02
2.121839e+01 2.881275e-02
2.131839e+01 2.899575e-02
2.141839e+01 2.911478e-02
2.151839e+01 2.917923e-02
2.161839e+01 2.918967e-02
2.171839e+01 2.914422e-02
2.181839e+01 2.904076e-02
2.191839e+01 2.887948e-02
2.201839e+01 2.866998e-02
2.211839e+01 2.842769e-02
2.221839e+01 2.817216e-02
2.231839e+01 2.792077e-02
2.241839e+01 2.769172e-02
2.251839e+01 2.750084e-02
2.261839e+01 2.736164e-02
2.271839e+01 2.728385e-02
2.281839e+01 2.726482e-02
2.291839e+01 2.729284e-02
2.301839e+01 2.735109e-02
2.311839e+01 2.742142e-02
2.321839e+01 2.749161e-02
2.331839e+01 2.755847e-02
2.341839e+01 2.762150e-02
2.351839e+01 2.767438e-02
2.361839e+01 2.770837e-02
2.371839e+01 2.771128e-02
2.381839e+01 2.766946e-02
2.391839e+01 2.757713e-02
2.401839e+01 2.743588e-02
2.411839e+01 2.726264e-02
2.421839e+01 2.707862e-02
2.431839e+01 2.690521e-02
2.441839e+01 2.676338e-02
2.451839e+01 2.666149e-02
2.461839e+01 2.660482e-02
2.471839e+01 2.658980e-02
2.481839e+01 2.660880e-02
2.491839e+01 2.665171e-02
2.501839e+01 2.670085e-02
2.511839e+01 2.674020e-02
2.521839e+01 2.675798e-02
2.531839e+01 2.674738e-02
2.541839e+01 2.671263e-02
2.551839e+01 2.666010e-02
2.561839e+01 2.660115e-02
2.571839e+01 2.654078e-02
2.581839e+01 2.647831e-02
2.591839e+01 2.641790e-02
2.601839e+01 2.635960e-02
2.611839e+01 2.630927e-02
2.621839e+01 2.627598e-02
2.631839e+01 2.626739e-02
2.641839e+01 2.629124e-02
2.651839e+01 2.634110e-02
2.661839e+01 2.640873e-02
2.671839e+01 2.647393e-02
2.681839e+01 2.651827e-02
2.691839e+01 2.652302e-02
2.701839e+01 2.648328e-02
2.711839e+01 2.639772e-02
2.721839e+01 2.627668e-02
2.731839e+01 2.613434e-02
2.741839e+01 2.598789e-02
2.751839e+01 2.585159e-02
2.761839e+01 2.574046e-02
2.771839e+01 2.566349e-02
2.781839e+01 2.563231e-02
2.791839e+01 2.564665e-02
2.801839e+01 2.570597e-02
2.811839e+01 2.579578e-02
2.821839e+01 2.589838e-02
2.831839e+01 2.598878e-02
2.841839e+01 2.604305e-02
2.851839e+01 2.604525e-02
2.861839e+01 2.598133e-02
2.871839e+01 2.585057e-02
2.881839e+01 2.565461e-02
2.891839e+01 2.540406e-02
2.901839e+01 2.511838e-02
2.911839e+01 2.482665e-02
2.921839e+01 2.456469e-02
2.931839e+01 2.436818e-02
2.941839e+01 2.425823e-02
2.951839e+01 2.424221e-02
2.961839e+01 2.430205e-02
2.971839e+01 2.440196e-02
2.981839e+01 2.449283e-02
2.991839e+01 2.452391e-02
3.001839e+01 2.445302e-02
3.011839e+01 2.426266e-02
3.021839e+01 2.395650e-02
3.031839e+01 2.356653e-02
3.041839e+01 2.314066e-02
3.051839e+01 2.273195e-02
3.061839e+01 2.238622e-02
3.071839e+01 2.213212e-02
3.081839e+01 2.198006e-02
3.091839e+01 2.191648e-02
3.101839e+01 2.191707e-02
3.111839e+01 2.194790e-02
3.121839e+01 2.197559e-02
3.131839e+01 2.197742e-02
3.141839e+01 2.194094e-02
3.151839e+01 2.186896e-02
3.161839e+01 2.177196e-02
3.171839e+01 2.166303e-02
3.181839e+01 2.155458e-02
3.191839e+01 2.145155e-02
3.201839e+01 2.135629e-02
3.211839e+01 2.126904e-02
3.221839e+01 2.118653e-02
3.231839e+01 2.111215e-02
3.241839e+01 2.104763e-02
3.251839e+01 2.099168e-02
3.261839e+01 2.094856e-02
3.271839e+01 2.091455e-02
3.281839e+01 2.088415e-02
3.291839e+01 2.085246e-02
3.301839e+01 2.080693e-02
3.311839e+01 2.073585e-02
3.321839e+01 2.062855e-02
3.331839e+01 2.048191e-02
3.341839e+01 2.030383e-02
3.351839e+01 2.010809e-02
3.361839e+01 1.991768e-02
3.371839e+01 1.974935e-02
3.381839e+01 1.961838e-02
3.391839e+01 1.952554e-02
3.401839e+01 1.946679e-02
3.411839e+01 1.942629e-02
3.421839e+01 1.938854e-02
3.431839e+01 1.934277e-02
3.441839e+01 1.928507e-02
3.451839e+01 1.921548e-02
3.461839e+01 1.914473e-02
3.471839e+01 1.908108e-02
3.481839e+01 1.902974e-02
3.491839e+01 1.898903e-02
3.501839e+01 1.895314e-02
3.511839e+01 1.891145e-02
3.521839e+01 1.885849e-02
3.531839e+01 1.878856e-02
3.541839e+01 1.870467e-02
3.551839e+01 1.861234e-02
3.561839e+01 1.852407e-02
3.571839e+01 1.844899e-02
3.581839e+01 1.839350e-02
3.591839e+01 1.835993e-02
3.601839e+01 1.834214e-02
3.611839e+01 1.832788e-02
3.621839e+01 1.830390e-02
3.631839e+01 1.825599e-02
3.641839e+01 1.817298e-02
3.651839e+01 1.805180e-02
3.661839e+01 1.790109e-02
3.671839e+01 1.773369e-02
3.681839e+01 1.756785e-02
3.691839e+01 1.741669e-02
3.701839e+01 1.729259e-02
3.711839e+01 1.719534e-02
3.721839e+01 1.712425e-02
3.731839e+01 1.706883e-02
3.741839e+01 1.702258e-02
3.751839e+01 1.698144e-02
3.761839e+01 1.693862e-02
3.771839e+01 1.688945e-02
3.781839e+01 1.682885e-02
3.791839e+01 1.675909e-02
3.801839e+01 1.668550e-02
3.811839e+01 1.662031e-02
3.821839e+01 1.657393e-02
3.831839e+01 1.655214e-02
3.841839e+01 1.655610e-02
3.851839e+01 1.657317e-02
3.861839e+01 1.659245e-02
3.871839e+01 1.660604e-02
3.881839e+01 1.660823e-02
3.891839e+01 1.660201e-02
3.901839e+01 1.658923e-02
3.911839e+01 1.657184e-02
3.921839e+01 1.653997e-02
3.931839e+01 1.648549e-02
3.941839e+01 1.639966e-02
3.951839e+01 1.628246e-02
3.961839e+01 1.613767e-02
3.971839e+01 1.597486e-02
3.981839e+01 1.580598e-02
3.991839e+01 1.564835e-02
4.001839e+01 1.551394e-02
4.011839e+01 1.541423e-02
4.021839e+01 1.535328e-02
4.031839e+01 1.532932e-02
4.041839e+01 1.532885e-02
4.051839e+01 1.534031e-02
4.061839e+01 1.535353e-02
4.071839e+01 1.535882e-02
4.081839e+01 1.535908e-02
4.091839e+01 1.535328e-02
4.101839e+01 1.534148e-02
4.111839e+01 1.531729e-02
4.121839e+01 1.527396e-02
4.131839e+01 1.520304e-02
4.141839e+01 1.510745e-02
4.151839e+01 1.499874e-02
4.161839e+01 1.489774e-02
4.171839e+01 1.482310e-02
4.181839e+01 1.479003e-02
4.191839e+01 1.480062e-02
4.201839e+01 1.484008e-02
4.211839e+01 1.488832e-02
4.221839e+01 1.491904e-02
4.231839e+01 1.491045e-02
4.241839e+01 1.484740e-02
4.251839e+01 1.472891e-02
4.261839e+01 1.456156e-02
4.271839e+01 1.436331e-02
4.281839e+01 1.415374e-02
4.291839e+01 1.395003e-02
4.301839e+01 1.376693e-02
4.311839e+01 1.360978e-02
4.321839e+01 1.348276e-02
4.331839e+01 1.338592e-02
4.341839e+01 1.332091e-02
4.351839e+01 1.328979e-02
4.361839e+01 1.328720e-02
4.371839e+01 1.330819e-02
4.381839e+01 1.334488e-02
4.391839e+01 1.338705e-02
4.401839e+01 1.342659e-02
4.411839e+01 1.345751e-02
4.421839e+01 1.347386e-02
4.431839e+01 1.347093e-02
4.441839e+01 1.343786e-02
4.451839e+01 1.336570e-02
4.461839e+01 1.325044e-02
4.471839e+01 1.309847e-02
4.481839e+01 1.292468e-02
4.491839e+01 1.275440e-02
4.501839e+01 1.261379e-02
4.511839e+01 1.252300e-02
4.521839e+01 1.249327e-02
4.531839e+01 1.251702e-02
4.541839e+01 1.257578e-02
4.551839e+01 1.264348e-02
4.561839e+01 1.269760e-02
4.571839e+01 1.272204e-02
4.581839e+01 1.271931e-02
4.591839e+01 1.269512e-02
4.601839e+01 1.265993e-02
4.611839e+01 1.261448e-02
4.621839e+01 1.255616e-02
4.631839e+01 1.247014e-02
4.641839e+01 1.234932e-02
4.651839e+01 1.219074e-02
4.661839e+01 1.200332e-02
4.671839e+01 1.180545e-02
4.681839e+01 1.161553e-02
4.691839e+01 1.145182e-02
4.701839e+01 1.132928e-02
4.711839e+01 1.125755e-02
4.721839e+01 1.124426e-02
4.731839e+01 1.129232e-02
4.741839e+01 1.139328e-02
4.751839e+01 1.152974e-02
4.761839e+01 1.167732e-02
4.771839e+01 1.180710e-02
4.781839e+01 1.189831e-02
4.791839e+01 1.192948e-02
4.801839e+01 1.189354e-02
4.811839e+01 1.178955e-02
4.821839e+01 1.162463e-02
4.831839e+01 1.141954e-02
4.841839e+01 1.119855e-02
4.851839e+01 1.099509e-02
4.861839e+01 1.083366e-02
4.871839e+01 1.073188e-02
4.881839e+01 1.069691e-02
4.891839e+01 1.071654e-02
4.901839e+01 1.077129e-02
4.911839e+01 1.083482e-02
4.921839e+01 1.088053e-02
4.931839e+01 1.088632e-02
4.941839e+01 1.084226e-02
4.951839e+01 1.074732e-02
4.961839e+01 1.061508e-02
4.971839e+01 1.046464e-02
4.981839e+01 1.032074e-02
4.991839e+01 1.020468e-02
5.001839e+01 1.013031e-02
5.011839e+01 1.010585e-02
5.021839e+01 1.012617e-02
5.031839e+01 1.017752e-02
5.041839e+01 1.023822e-02
5.051839e+01 1.029450e-02
5.061839e+01 1.033580e-02
5.071839e+01 1.036312e-02
5.081839e+01 1.038589e-02
5.091839e+01 1.041092e-02
5.101839e+01 1.044494e-02
5.111839e+01 1.047967e-02
5.121839e+01 1.049948e-02
5.131839e+01 1.048703e-02
5.141839e+01 1.042606e-02
5.151839e+01 1.031532e-02
5.161839e+01 1.016542e-02
5.171839e+01 9.999017e-03
5.181839e+01 9.843524e-03
5.191839e+01 9.720938e-03
5.201839e+01 9.643199e-03
5.211839e+01 9.610005e-03
5.221839e+01 9.611067e-03
5.231839e+01 9.626876e-03
5.241839e+01 9.638223e-03
5.251839e+01 9.629418e-03
5.261839e+01 9.594595e-03
5.271839e+01 9.535272e-03
5.281839e+01 9.458760e-03
5.291839e+01 9.375601e-03
5.301839e+01 9.293859e-03
5.311839e+01 9.220287e-03
5.321839e+01 9.158332e-03
5.331839e+01 9.111356e-03
5.341839e+01 9.077522e-03
5.351839e+01 9.059961e-03
5.361839e+01 9.058766e-03
5.371839e+01 9.070531e-03
5.381839e+01 9.092018e-03
5.391839e+01 9.112236e-03
5.401839e+01 9.118242e-03
5.411839e+01 9.096493e-03
5.421839e+01 9.034917e-03
5.431839e+01 8.930754e-03
5.441839e+01 8.791665e-03
5.451839e+01 8.635734e-03
5.461839e+01 8.481809e-03
5.471839e+01 8.353123e-03
5.481839e+01 8.258180e-03
5.491839e+01 8.193717e-03
5.501839e+01 8.145939e-03
5.511839e+01 8.094375e-03
5.521839e+01 8.023275e-03
5.531839e+01 7.926500e-03
5.541839e+01 7.817889e-03
5.551839e+01 7.715285e-03
5.561839e+01 7.644785e-03
5.571839e+01 7.626555e-03
5.581839e+01 7.670319e-03
5.591839e+01 7.771214e-03
5.601839e+01 7.911974e-03
5.611839e+01 8.064340e-03
5.621839e+01 8.194227e-03
5.631839e+01 8.272624e-03
5.641839e+01 8.282960e-03
5.651839e+01 8.222548e-03
5.661839e+01 8.102972e-03
5.671839e+01 7.948484e-03
5.681839e+01 7.784074e-03
5.691839e+01 7.635581e-03
5.701839e+01 7.518270e-03
5.711839e+01 7.437978e-03
5.721839e+01 7.390270e-03
5.731839e+01 7.359470e-03
5.741839e+01 7.329486e-03
5.751839e+01 7.280414e-03
5.761839e+01 7.201429e-03
5.771839e+01 7.094854e-03
5.781839e+01 6.972118e-03
5.791839e+01 6.855172e-03
5.801839e+01 6.763426e-03
5.811839e+01 6.712438e-03
5.821839e+01 6.708452e-03
5.831839e+01 6.750500e-03
5.841839e+01 6.825889e-03
5.851839e+01 6.922306e-03
5.861839e+01 7.019816e-03
5.871839e+01 7.098653e-03
5.881839e+01 7.141344e-03
5.891839e+01 7.139476e-03
5.901839e+01 7.100206e-03
5.911839e+01 7.038228e-03
5.921839e+01 6.972040e-03
5.931839e+01 6.914877e-03
5.941839e+01 6.872001e-03
5.951839e+01 6.829492e-03
5.961839e+01 6.770993e-03
5.971839e+01 6.681061e-03
5.981839e+01 6.556361e-03
5.991839e+01 6.407157e-03
6.001839e+01 6.253637e-03
6.011839e+01 6.120949e-03
6.021839e+01 6.029222e-03
6.031839e+01 5.993616e-03
6.041839e+01 6.013570e-03
6.051839e+01 6.083217e-03
6.061839e+01 6.187146e-03
6.071839e+01 6.303609e-03
6.081839e+01 6.416195e-03
6.091839e+01 6.506298e-03
6.101839e+01 6.565556e-03
6.111839e+01 6.593805e-03
6.121839e+01 6.594898e-03
6.131839e+01 6.569365e-03
6.141839e+01 6.523364e-03
6.151839e+01 6.456116e-03
6.161839e+01 6.369750e-03
6.171839e+01 6.269356e-03
6.181839e+01 6.159696e-03
6.191839e+01 6.051514e-03
6.201839e+01 5.953023e-03
6.211839e+01 5.877054e-03
6.221839e+01 5.825276e-03
6.231839e+01 5.800041e-03
6.241839e+01 5.793181e-03
6.251839e+01 5.795482e-03
6.261839e+01 5.800692e-03
6.271839e+01 5.799802e-03
6.281839e+01 5.791613e-03
6.291839e+01 5.773786e-03
6.301839e+01 5.747214e-03
6.311839e+01 5.712471e-03
6.321839e+01 5.672189e-03
6.331839e+01 5.632278e-03
6.341839e+01 5.598262e-03
6.351839e+01 5.574385e-03
6.361839e+01 5.563175e-03
6.371839e+01 5.565446e-03
6.381839e+01 5.578691e-03
6.391839e+01 5.596298e-03
6.401839e+01 5.614433e-03
6.411839e+01 5.630658e-03
6.421839e+01 5.642901e-03
6.431839e+01 5.654461e-03
6.441839e+01 5.675111e-03
6.451839e+01 5.707259e-03
6.461839e+01 5.749628e-03
6.471839e+01 5.795333e-03
6.481839e+01 5.826613e-03
6.491839e+01 5.828679e-03
6.501839e+01 5.784828e-03
6.511839e+01 5.686481e-03
6.521839e+01 5.534670e-03
6.531839e+01 5.339962e-03
6.541839e+01 5.124001e-03
6.551839e+01 4.911773e-03
6.561839e+01 4.734954e-03
6.571839e+01 4.623147e-03
6.581839e+01 4.595128e-03
6.591839e+01 4.652661e-03
6.601839e+01 4.775946e-03
6.611839e+01 4.932696e-03
6.621839e+01 5.080672e-03
6.631839e+01 5.188226e-03
6.641839e+01 5.237329e-03
6.651839e+01 5.227429e-03
6.661839e+01 5.172725e-03
6.671839e+01 5.100153e-03
6.681839e+01 5.030499e-03
6.691839e+01 4.982252e-03
6.701839e+01 4.957443e-03
6.711839e+01 4.953375e-03
6.721839e+01 4.956461e-03
6.731839e+01 4.952994e-03
6.741839e+01 4.933150e-03
6.751839e+01 4.889823e-03
6.761839e+01 4.826412e-03
6.771839e+01 4.748883e-03
6.781839e+01 4.664095e-03
6.791839e+01 4.579472e-03
6.801839e+01 4.500380e-03
6.811839e+01 4.431681e-03
6.821839e+01 4.374845e-03
6.831839e+01 4.329184e-03
6.841839e+01 4.294095e-03
6.851839e+01 4.267897e-03
6.861839e+01 4.247055e-03
6.871839e+01 4.226043e-03
6.881839e+01 4.199789e-03
6.891839e+01 4.161866e-03
6.901839e+01 4.111383e-03
6.911839e+01 4.050206e-03
6.921839e+01 3.987526e-03
6.931839e+01 3.934758e-03
6.941839e+01 3.899098e-03
6.951839e+01 3.887003e-03
6.961839e+01 3.895180e-03
6.971839e+01 3.921283e-03
6.981839e+01 3.957748e-03
6.991839e+01 4.006601e-03
7.001839e+01 4.070257e-03
7.011839e+01 4.151782e-03
7.021839e+01 4.251618e-03
7.031839e+01 4.357540e-03
7.041839e+01 4.451692e-03
7.051839e+01 4.512841e-03
7.061839e+01 4.519143e-03
7.071839e+01 4.459469e-03
7.081839e+01 4.338285e-03
7.091839e+01 4.174545e-03
7.101839e+01 3.997034e-03
7.111839e+01 3.838434e-03
7.121839e+01 3.722829e-03
7.131839e+01 3.661588e-03
7.141839e+01 3.652411e-03
7.151839e+01 3.680762e-03
7.161839e+01 3.725806e-03
7.171839e+01 3.774906e-03
7.181839e+01 3.820142e-03
7.191839e+01 3.866874e-03
7.201839e+01 3.919313e-03
7.211839e+01 3.983349e-03
7.221839e+01 4.058507e-03
7.231839e+01 4.133562e-03
7.241839e+01 4.192411e-03
7.251839e+01 4.220566e-03
7.261839e+01 4.206439e-03
7.271839e+01 4.145258e-03
7.281839e+01 4.046461e-03
7.291839e+01 3.930334e-03
7.301839e+01 3.818283e-03
7.311839e+01 3.732773e-03
7.321839e+01 3.686835e-03
7.331839e+01 3.679634e-03
7.341839e+01 3.699576e-03
7.351839e+01 3.722773e-03
7.361839e+01 3.720793e-03
7.371839e+01 3.669438e-03
7.381839e+01 3.557568e-03
7.391839e+01 3.387298e-03
7.401839e+01 3.177854e-03
7.411839e+01 2.955378e-03
7.421839e+01 2.748202e-03
7.431839e+01 2.579615e-03
7.441839e+01 2.461598e-03
7.451839e+01 2.399849e-03
7.461839e+01 2.394680e-03
7.471839e+01 2.444320e-03
7.481839e+01 2.547118e-03
7.491839e+01 2.696660e-03
7.501839e+01 2.880754e-03
7.511839e+01 3.082133e-03
7.521839e+01 3.277745e-03
7.531839e+01 3.443122e-03
7.541839e+01 3.562675e-03
7.551839e+01 3.624022e-03
7.561839e+01 3.628225e-03
7.571839e+01 3.581942e-03
7.581839e+01 3.498784e-03
7.591839e+01 3.389595e-03
7.601839e+01 3.265358e-03
7.611839e+01 3.135974e-03
7.621839e+01 3.011483e-03
7.631839e+01 2.906387e-03
7.641839e+01 2.842023e-03
7.651839e+01 2.837874e-03
7.661839e+01 2.906343e-03
7.671839e+01 3.041021e-03
7.681839e+01 3.217267e-03
7.691839e+01 3.390261e-03
7.701839e+01 3.514201e-03
7.711839e+01 3.552087e-03
7.721839e+01 3.487267e-03
7.731839e+01 3.329756e-03
7.741839e+01 3.104394e-03
7.751839e+01 2.851112e-03
7.761839e+01 2.609988e-03
7.771839e+01 2.417438e-03
7.781839e+01 2.296160e-03
7.791839e+01 2.257897e-03
7.801839e+01 2.294356e-03
7.811839e+01 2.387382e-03
7.821839e+01 2.511936e-03
7.831839e+01 2.642528e-03
7.841839e+01 2.759537e-03
7.851839e+01 2.852038e-03
7.861839e+01 2.913289e-03
7.871839e+01 2.942589e-03
7.881839e+01 2.938831e-03
7.891839e+01 2.902956e-03
7.901839e+01 2.832021e-03
7.911839e+01 2.732095e-03
7.921839e+01 2.607762e-03
7.931839e+01 2.469734e-03
7.941839e+01 2.333502e-03
7.951839e+01 2.215797e-03
7.961839e+01 2.127121e-03
7.971839e+01 2.076705e-03
7.981839e+01 2.063430e-03
7.991839e+01 2.083031e-03
8.001839e+01 2.124747e-03
8.011839e+01 2.177558e-03
8.021839e+01 2.232240e-03
8.031839e+01 2.279626e-03
8.041839e+01 2.315936e-03
8.051839e+01 2.339816e-03
8.061839e+01 2.355495e-03
8.071839e+01 2.363509e-03
8.081839e+01 2.366706e-03
8.091839e+01 2.363364e-03
8.101839e+01 2.348106e-03
8.111839e+01 2.316478e-03
8.121839e+01 2.267724e-03
8.131839e+01 2.202398e-03
8.141839e+01 2.127507e-03
8.151839e+01 2.049542e-03
8.161839e+01 1.970462e-03
8.171839e+01 1.896570e-03
8.181839e+01 1.828583e-03
8.191839e+01 1.765183e-03
8.201839e+01 1.706700e-03
8.211839e+01 1.651014e-03
8.221839e+01 1.601564e-03
8.231839e+01 1.567752e-03
8.241839e+01 1.558634e-03
8.251839e+01 1.587812e-03
8.261839e+01 1.663506e-03
8.271839e+01 1.789316e-03
8.281839e+01 1.954822e-03
8.291839e+01 2.139885e-03
8.301839e+01 2.322186e-03
8.311839e+01 2.478255e-03
8.321839e+01 2.587968e-03
8.331839e+01 2.638659e-03
8.341839e+01 2.628911e-03
8.351839e+01 2.566023e-03
8.361839e+01 2.459188e-03
8.371839e+01 2.319999e-03
8.381839e+01 2.159049e-03
8.391839e+01 1.985879e-03
8.401839e+01 1.815118e-03
8.411839e+01 1.659216e-03
8.421839e+01 1.538775e-03
8.431839e+01 1.465230e-03
8.441839e+01 1.447102e-03
8.451839e+01 1.480281e-03
8.461839e+01 1.549043e-03
8.471839e+01 1.632986e-03
8.481839e+01 1.712354e-03
8.491839e+01 1.774005e-03
8.501839e+01 1.813438e-03
8.511839e+01 1.833049e-03
8.521839e+01 1.840449e-03
8.531839e+01 1.847450e-03
8.541839e+01 1.861258e-03
8.551839e+01 1.886042e-03
8.561839e+01 1.919803e-03
8.571839e+01 1.953355e-03
8.581839e+01 1.970341e-03
8.591839e+01 1.958186e-03
8.601839e+01 1.908927e-03
8.611839e+01 1.820631e-03
8.621839e+01 1.701823e-03
8.631839e+01 1.558977e-03
8.641839e+01 1.407835e-03
8.651839e+01 1.266308e-03
8.661839e+01 1.163288e-03
8.671839e+01 1.122815e-03
8.681839e+01 1.165227e-03
8.691839e+01 1.297321e-03
8.701839e+01 1.503467e-03
8.711839e+01 1.750245e-03
8.721839e+01 1.990896e-03
8.731839e+01 2.181750e-03
8.741839e+01 2.289773e-03
8.751839e+01 2.299980e-03
8.761839e+01 2.220474e-03
8.771839e+01 2.081217e-03
8.781839e+01 1.911172e-03
8.791839e+01 1.743575e-03
8.801839e+01 1.599127e-03
8.811839e+01 1.493951e-03
8.821839e+01 1.432255e-03
8.831839e+01 1.411015e-03
8.841839e+01 1.418936e-03
8.851839e+01 1.446634e-03
8.861839e+01 1.478968e-03
8.871839e+01 1.508257e-03
8.881839e+01 1.536216e-03
8.891839e+01 1.564887e-03
8.901839e+01 1.596632e-03
8.911839e+01 1.628733e-03
8.921839e+01 1.649964e-03
8.931839e+01 1.644914e-03
8.941839e+01 1.606340e-03
8.951839e+01 1.533757e-03
8.961839e+01 1.434336e-03
8.971839e+01 1.329281e-03
8.981839e+01 1.244104e-03
8.991839e+01 1.202307e-03
9.001839e+01 1.217147e-03
9.011839e+01 1.286611e-03
9.021839e+01 1.394201e-03
9.031839e+01 1.511900e-03
9.041839e+01 1.605855e-03
9.051839e+01 1.650999e-03
9.061839e+01 1.638279e-03
9.071839e+01 1.574072e-03
9.081839e+01 1.476843e-03
9.091839e+01 1.365666e-03
9.101839e+01 1.255644e-03
9.111839e+01 1.154670e-03
9.121839e+01 1.060641e-03
9.131839e+01 9.637493e-04
9.141839e+01 8.635432e-04
9.151839e+01 7.654952e-04
9.161839e+01 6.826773e-04
9.171839e+01 6.303625e-04
9.181839e+01 6.278494e-04
9.191839e+01 6.829620e-04
9.201839e+01 7.984501e-04
9.211839e+01 9.639570e-04
9.221839e+01 1.161256e-03
9.231839e+01 1.365223e-03
9.241839e+01 1.553297e-03
9.251839e+01 1.701802e-03
9.261839e+01 1.794622e-03
9.271839e+01 1.820215e-03
9.281839e+01 1.780283e-03
9.291839e+01 1.682942e-03
9.301839e+01 1.544508e-03
9.311839e+01 1.386421e-03
9.321839e+01 1.232422e-03
9.331839e+01 1.103157e-03
9.341839e+01 1.015813e-03
9.351839e+01 9.756171e-04
9.361839e+01 9.800842e-04
9.371839e+01 1.018746e-03
9.381839e+01 1.077321e-03
9.391839e+01 1.141698e-03
9.401839e+01 1.201142e-03
9.411839e+01 1.248175e-03
9.421839e+01 1.278383e-03
9.431839e+01 1.293715e-03
9.441839e+01 1.293603e-03
9.451839e+01 1.277372e-03
9.461839e+01 1.246315e-03
9.471839e+01 1.199451e-03
9.481839e+01 1.139643e-03
9.491839e+01 1.069159e-03
9.501839e+01 9.960959e-04
9.511839e+01 9.333992e-04
9.521839e+01 8.854466e-04
9.531839e+01 8.567901e-04
9.541839e+01 8.454347e-04
9.551839e+01 8.443203e-04
9.561839e+01 8.460167e-04
9.571839e+01 8.434480e-04
9.581839e+01 8.373100e-04
9.591839e+01 8.246883e-04
9.601839e+01 8.129753e-04
9.611839e+01 8.050740e-04
9.621839e+01 8.120190e-04
9.631839e+01 8.391309e-04
9.641839e+01 8.916799e-04
9.651839e+01 9.658711e-04
9.661839e+01 1.055472e-03
9.671839e+01 1.144800e-03
9.681839e+01 1.223018e-03
9.691839e+01 1.275962e-03
9.701839e+01 1.295268e-03
9.711839e+01 1.278491e-03
9.721839e+01 1.234820e-03
9.731839e+01 1.180617e-03
9.741839e+01 1.141671e-03
9.751839e+01 1.140512e-03
9.761839e+01 1.188508e-03
9.771839e+01 1.287036e-03
9.781839e+01 1.418621e-03
9.791839e+01 1.557004e-03
9.801839e+01 1.675842e-03
9.811839e+01 1.751874e-03
9.821839e+01 1.773213e-03
9.831839e+01 1.733600e-03
9.841839e+01 1.639587e-03
9.851839e+01 1.508129e-03
9.861839e+01 1.359421e-03
9.871839e+01 1.216706e-03
9.881839e+01 1.108154e-03
9.891839e+01 1.050064e-03
9.901839e+01 1.051588e-03
9.911839e+01 1.105453e-03
9.921839e+01 1.194212e-03
9.931839e+01 1.292623e-03
9.941839e+01 1.382212e-03
9.951839e+01 1.455331e-03
9.961839e+01 1.511877e-03
9.971839e+01 1.565668e-03
9.981839e+01 1.628669e-03
9.991839e+01 1.711186e-03
1.000184e+02 1.818144e-03
1.001184e+02 1.947673e-03
1.002184e+02 2.093631e-03
1.003184e+02 2.246244e-03
1.004184e+02 2.401873e-03
1.005184e+02 2.551070e-03
1.006184e+02 2.693815e-03
1.007184e+02 2.824617e-03
1.008184e+02 2.933595e-03
1.009184e+02 3.003843e-03
1.010184e+02 3.011324e-03
1.011184e+02 2.939965e-03
1.012184e+02 2.782459e-03
1.013184e+02 2.542092e-03
1.014184e+02 2.236429e-03
1.015184e+02 1.894163e-03
1.016184e+02 1.540945e-03
1.017184e+02 1.204579e-03
1.018184e+02 9.132806e-04
1.019184e+02 6.895315e-04
1.020184e+02 5.487251e-04
1.021184e+02 4.907811e-04
1.022184e+02 5.085203e-04
1.023184e+02 5.821960e-04
1.024184e+02 6.855475e-04
1.025184e+02 7.945626e-04
1.026184e+02 8.932050e-04
1.027184e+02 9.733497e-04
1.028184e+02 1.034457e-03
1.029184e+02 1.079581e-03
1.030184e+02 1.110541e-03
1.031184e+02 1.120532e-03
1.032184e+02 1.094256e-03
1.033184e+02 1.020813e-03
1.034184e+02 8.963969e-04
1.035184e+02 7.330597e-04
1.036184e+02 5.572166e-04
1.037184e+02 4.022970e-04
1.038184e+02 2.993973e-04
1.039184e+02 2.658171e-04
1.040184e+02 3.094411e-04
1.041184e+02 4.190209e-04
1.042184e+02 5.775801e-04
1.043184e+02 7.574112e-04
1.044184e+02 9.279989e-04
1.045184e+02 1.057963e-03
1.046184e+02 1.123295e-03
1.047184e+02 1.120358e-03
1.048184e+02 1.062203e-03
1.049184e+02 9.810550e-04
1.050184e+02 9.078318e-04
1.051184e+02 8.658096e-04
1.052184e+02 8.618740e-04
1.053184e+02 8.858128e-04
1.054184e+02 9.135504e-04
1.055184e+02 9.238412e-04
1.056184e+02 8.971232e-04
1.057184e+02 8.345291e-04
1.058184e+02 7.437812e-04
1.059184e+02 6.451200e-04
1.060184e+02 5.587353e-04
1.061184e+02 5.003716e-04
1.062184e+02 4.862098e-04
1.063184e+02 5.130833e-04
1.064184e+02 5.784355e-04
1.065184e+02 6.664795e-04
1.066184e+02 7.633522e-04
1.067184e+02 8.566778e-04
1.068184e+02 9.357804e-04
1.069184e+02 9.934878e-04
1.070184e+02 1.028131e-03
1.071184e+02 1.038954e-03
1.072184e+02 1.022052e-03
1.073184e+02 9.838722e-04
1.074184e+02 9.289174e-04
1.075184e+02 8.682376e-04
1.076184e+02 8.068116e-04
1.077184e+02 7.516660e-04
1.078184e+02 7.020368e-04
1.079184e+02 6.578835e-04
1.080184e+02 6.178425e-04
1.081184e+02 5.837452e-04
1.082184e+02 5.550198e-04
1.083184e+02 5.312025e-04
1.084184e+02 5.076130e-04
1.085184e+02 4.830712e-04
1.086184e+02 4.532533e-04
1.087184e+02 4.227196e-04
1.088184e+02 3.955531e-04
1.089184e+02 3.812700e-04
1.090184e+02 3.900319e-04
1.091184e+02 4.253586e-04
1.092184e+02 4.858616e-04
1.093184e+02 5.659674e-04
1.094184e+02 6.520016e-04
1.095184e+02 7.322040e-04
1.096184e+02 7.935345e-04
1.097184e+02 8.285920e-04
1.098184e+02 8.356974e-04
1.099184e+02 8.192952e-04
1.100184e+02 7.877562e-04
1.101184e+02 7.533086e-04
1.102184e+02 7.260285e-04
1.103184e+02 7.052550e-04
1.104184e+02 6.871711e-04
1.105184e+02 6.602175e-04
1.106184e+02 6.171284e-04
1.107184e+02 5.537647e-04
1.108184e+02 4.782680e-04
1.109184e+02 4.046836e-04
1.110184e+02 3.500697e-04
1.111184e+02 3.326863e-04
1.112184e+02 3.613737e-04
1.113184e+02 4.368996e-04
1.114184e+02 5.455207e-04
1.115184e+02 6.651686e-04
1.116184e+02 7.699071e-04
1.117184e+02 8.338807e-04
1.118184e+02 8.407298e-04
1.119184e+02 7.895941e-04
1.120184e+02 6.928729e-04
1.121184e+02 5.707365e-04
1.122184e+02 4.480954e-04
1.123184e+02 3.530324e-04
1.124184e+02 3.042866e-04
1.125184e+02 3.103393e-04
1.126184e+02 3.634122e-04
1.127184e+02 4.403037e-04
1.128184e+02 5.120604e-04
1.129184e+02 5.485570e-04
1.130184e+02 5.302314e-04
1.131184e+02 4.542692e-04
1.132184e+02 3.377635e-04
1.133184e+02 2.087561e-04
1.134184e+02 1.038417e-04
1.135184e+02 5.006989e-05
1.136184e+02 6.357321e-05
1.137184e+02 1.437753e-04
1.138184e+02 2.744177e-04
1.139184e+02 4.296265e-04
1.140184e+02 5.840390e-04
1.141184e+02 7.152646e-04
1.142184e+02 8.056471e-04
1.143184e+02 8.471647e-04
1.144184e+02 8.400843e-04
1.145184e+02 7.877385e-04
1.146184e+02 7.023087e-04
1.147184e+02 5.999831e-04
1.148184e+02 4.955243e-04
1.149184e+02 3.994263e-04
1.150184e+02 3.244728e-04
1.151184e+02 2.783329e-04
1.152184e+02 2.703922e-04
1.153184e+02 3.019694e-04
1.154184e+02 3.714190e-04
1.155184e+02 4.667968e-04
1.156184e+02 5.730812e-04
1.157184e+02 6.665090e-04
1.158184e+02 7.284193e-04
1.159184e+02 7.465382e-04
1.160184e+02 7.142641e-04
1.161184e+02 6.377412e-04
1.162184e+02 5.273562e-04
1.163184e+02 3.973488e-04
1.164184e+02 2.658118e-04
1.165184e+02 1.493492e-04
1.166184e+02 6.379089e-05
1.167184e+02 2.034063e-05
1.168184e+02 2.358041e-05
1.169184e+02 7.063575e-05
1.170184e+02 1.498898e-04
1.171184e+02 2.474052e-04
1.172184e+02 3.438999e-04
1.173184e+02 4.238159e-04
1.174184e+02 4.786589e-04
1.175184e+02 5.052625e-04
1.176184e+02 5.108065e-04
1.177184e+02 5.058075e-04
1.178184e+02 4.996818e-04
1.179184e+02 4.977951e-04
1.180184e+02 5.007097e-04
1.181184e+02 5.041851e-04
1.182184e+02 5.076119e-04
1.183184e+02 5.098052e-04
1.184184e+02 5.111755e-04
1.185184e+02 5.151902e-04
1.186184e+02 5.228874e-04
1.187184e+02 5.320433e-04
1.188184e+02 5.373867e-04
1.189184e+02 5.341627e-04
1.190184e+02 5.159678e-04
1.191184e+02 4.751531e-04
1.192184e+02 4.071522e-04
1.193184e+02 3.137013e-04
1.194184e+02 1.996063e-04
1.195184e+02 7.600683e-05
1.196184e+02 -4.158168e-05
1.197184e+02 -1.349595e-04
1.198184e+02 -1.879027e-04
1.199184e+02 -1.897136e-04
1.200184e+02 -1.384360e-04
1.201184e+02 -4.006665e-05
1.202184e+02 8.991363e-05
1.203184e+02 2.294707e-04
1.204184e+02 3.602653e-04
1.205184e+02 4.657400e-04
1.206184e+02 5.360702e-04
1.207184e+02 5.695624e-04
1.208184e+02 5.690939e-04
1.209184e+02 5.446686e-04
1.210184e+02 5.083928e-04
1.211184e+02 4.679070e-04
1.212184e+02 4.246572e-04
1.213184e+02 3.707017e-04
1.214184e+02 2.991425e-04
1.215184e+02 2.088450e-04
1.216184e+02 1.120305e-04
1.217184e+02 3.285293e-05
1.218184e+02 -3.164690e-06
1.219184e+02 1.944889e-05
1.220184e+02 1.022501e-04
1.221184e+02 2.289369e-04
1.222184e+02 3.707606e-04
1.223184e+02 4.908379e-04
1.224184e+02 5.585769e-04
1.225184e+02 5.527698e-04
1.226184e+02 4.713788e-04
1.227184e+02 3.331484e-04
1.228184e+02 1.675625e-04
1.229184e+02 1.169523e-05
1.230184e+02 -1.074911e-04
1.231184e+02 -1.758423e-04
1.232184e+02 -1.927733e-04
1.233184e+02 -1.696489e-04
1.234184e+02 -1.187703e-04
1.235184e+02 -5.711179e-05
1.236184e+02 7.203528e-06
1.237184e+02 6.426494e-05
1.238184e+02 1.129172e-04
1.239184e+02 1.512844e-04
1.240184e+02 1.790656e-04
1.241184e+02 1.963718e-04
1.242184e+02 2.035287e-04
1.243184e+02 2.026996e-04
1.244184e+02 1.970034e-04
1.245184e+02 1.891834e-04
1.246184e+02 1.789881e-04
1.247184e+02 1.679480e-04
1.248184e+02 1.577647e-04
1.249184e+02 1.507537e-04
1.250184e+02 1.464723e-04
1.251184e+02 1.442167e-04
1.252184e+02 1.400369e-04
1.253184e+02 1.315006e-04
1.254184e+02 1.187904e-04
1.255184e+02 1.065180e-04
1.256184e+02 9.542865e-05
1.257184e+02 8.678970e-05
1.258184e+02 7.678965e-05
1.259184e+02 5.911319e-05
1.260184e+02 2.900257e-05
1.261184e+02 -9.276003e-06
1.262184e+02 -4.687464e-05
1.263184e+02 -7.332009e-05
1.264184e+02 -7.361896e-05
1.265184e+02 -4.210440e-05
1.266184e+02 2.373704e-05
1.267184e+02 1.256429e-04
1.268184e+02 2.541276e-04
1.269184e+02 3.992978e-04
1.270184e+02 5.442775e-04
1.271184e+02 6.680981e-04
1.272184e+02 7.539519e-04
1.273184e+02 7.869362e-04
1.274184e+02 7.613418e-04
1.275184e+02 6.744127e-04
1.276184e+02 5.340287e-04
1.277184e+02 3.544019e-04
1.278184e+02 1.507469e-04
1.279184e+02 -5.472030e-05
1.280184e+02 -2.380646e-04
1.281184e+02 -3.742141e-04
1.282184e+02 -4.470873e-04
1.283184e+02 -4.517943e-04
1.284184e+02 -3.938194e-04
1.285184e+02 -2.905847e-04
1.286184e+02 -1.628350e-04
1.287184e+02 -3.129589e-05
1.288184e+02 9.034535e-05
1.289184e+02 1.911292e-04
1.290184e+02 2.676688e-04
1.291184e+02 3.183728e-04
1.292184e+02 3.421089e-04
1.293184e+02 3.442054e-04
1.294184e+02 3.293785e-04
1.295184e+02 3.074641e-04
1.296184e+02 2.863420e-04
1.297184e+02 2.750164e-04
1.298184e+02 2.767236e-04
1.299184e+02 2.955546e-04
1.300184e+02 3.332263e-04
1.301184e+02 3.871342e-04
1.302184e+02 4.500750e-04
1.303184e+02 5.084381e-04
1.304184e+02 5.492107e-04
1.305184e+02 5.642351e-04
1.306184e+02 5.517623e-04
1.307184e+02 5.144040e-04
1.308184e+02 4.610844e-04
1.309184e+02 4.009389e-04
1.310184e+02 3.381684e-04
1.311184e+02 2.765512e-04
1.312184e+02 2.183422e-04
1.313184e+02 1.695478e-04
1.314184e+02 1.347616e-04
1.315184e+02 1.161962e-04
1.316184e+02 1.161248e-04
1.317184e+02 1.256812e-04
1.318184e+02 1.310361e-04
1.319184e+02 1.191254e-04
1.320184e+02 8.074675e-05
1.321184e+02 1.569946e-05
1.322184e+02 -6.817348e-05
1.323184e+02 -1.544719e-04
1.324184e+02 -2.275705e-04
1.325184e+02 -2.746098e-04
1.326184e+02 -2.914200e-04
1.327184e+02 -2.814148e-04
1.328184e+02 -2.543043e-04
1.329184e+02 -2.192682e-04
1.330184e+02 -1.895308e-04
1.331184e+02 -1.719342e-04
1.332184e+02 -1.657882e-04
1.333184e+02 -1.644911e-04
1.334184e+02 -1.629986e-04
1.335184e+02 -1.532579e-04
1.336184e+02 -1.338677e-04
1.337184e+02 -1.070534e-04
1.338184e+02 -7.865914e-05
1.339184e+02 -5.711715e-05
1.340184e+02 -4.932021e-05
1.341184e+02 -5.390706e-05
1.342184e+02 -6.447677e-05
1.343184e+02 -6.970787e-05
1.344184e+02 -5.476565e-05
1.345184e+02 -1.019333e-05
1.346184e+02 6.280188e-05
1.347184e+02 1.519539e-04
1.348184e+02 2.393323e-04
1.349184e+02 3.035157e-04
1.350184e+02 3.296950e-04
1.351184e+02 3.153945e-04
1.352184e+02 2.686707e-04
1.353184e+02 2.064350e-04
1.354184e+02 1.502105e-04
1.355184e+02 1.092524e-04
1.356184e+02 8.448751e-05
1.357184e+02 6.948178e-05
1.358184e+02 5.128938e-05
1.359184e+02 1.948028e-05
1.360184e+02 -2.862411e-05
1.361184e+02 -9.199302e-05
1.362184e+02 -1.578228e-04
1.363184e+02 -2.135817e-04
1.364184e+02 -2.560265e-04
1.365184e+02 -2.834264e-04
1.366184e+02 -3.012497e-04
1.367184e+02 -3.127854e-04
1.368184e+02 -3.250166e-04
1.369184e+02 -3.360144e-04
1.370184e+02 -3.368650e-04
1.371184e+02 -3.196591e-04
1.372184e+02 -2.786444e-04
1.373184e+02 -2.158166e-04
1.374184e+02 -1.374340e-04
1.375184e+02 -5.245231e-05
1.376184e+02 2.883367e-05
1.377184e+02 1.010532e-04
1.378184e+02 1.625354e-04
1.379184e+02 2.185242e-04
1.380184e+02 2.697098e-04
1.381184e+02 3.200065e-04
1.382184e+02 3.654086e-04
1.383184e+02 3.927595e-04
1.384184e+02 3.902463e-04
1.385184e+02 3.451983e-04
1.386184e+02 2.522041e-04
1.387184e+02 1.165216e-04
1.388184e+02 -4.134717e-05
1.389184e+02 -1.937639e-04
1.390184e+02 -3.178533e-04
1.391184e+02 -3.943342e-04
1.392184e+02 -4.164628e-04
1.393184e+02 -3.924141e-04
1.394184e+02 -3.376777e-04
1.395184e+02 -2.710066e-04
1.396184e+02 -2.033567e-04
1.397184e+02 -1.454273e-04
1.398184e+02 -9.988756e-05
1.399184e+02 -6.834127e-05
1.400184e+02 -5.184187e-05
1.401184e+02 -4.799234e-05
1.402184e+02 -5.203274e-05
1.403184e+02 -5.315334e-05
1.404184e+02 -3.879903e-05
1.405184e+02 3.877839e-07
1.406184e+02 6.168319e-05
1.407184e+02 1.270580e-04
1.408184e+02 1.762392e-04
1.409184e+02 1.867614e-04
1.410184e+02 1.452946e-04
1.411184e+02 5.858749e-05
1.412184e+02 -4.677828e-05
1.413184e+02 -1.471790e-04
1.414184e+02 -2.176851e-04
1.415184e+02 -2.534448e-04
1.416184e+02 -2.591237e-04
1.417184e+02 -2.572875e-04
1.418184e+02 -2.656749e-04
1.419184e+02 -2.992605e-04
1.420184e+02 -3.578990e-04
1.421184e+02 -4.279922e-04
1.422184e+02 -4.888605e-04
1.423184e+02 -5.265775e-04
1.424184e+02 -5.356352e-04
1.425184e+02 -5.246115e-04
1.426184e+02 -5.075347e-04
1.427184e+02 -4.985550e-04
1.428184e+02 -5.026850e-04
1.429184e+02 -5.162009e-04
1.430184e+02 -5.333573e-04
1.431184e+02 -5.439406e-04
1.432184e+02 -5.447364e-04
1.433184e+02 -5.298528e-04
1.434184e+02 -4.987576e-04
1.435184e+02 -4.525174e-04
1.436184e+02 -3.928140e-04
1.437184e+02 -3.308935e-04
1.438184e+02 -2.734010e-04
1.439184e+02 -2.296032e-04
1.440184e+02 -1.978136e-04
1.441184e+02 -1.766093e-04
1.442184e+02 -1.538838e-04
1.443184e+02 -1.222409e-04
1.444184e+02 -8.001575e-05
1.445184e+02 -2.921659e-05
1.446184e+02 1.958109e-05
1.447184e+02 5.406326e-05
1.448184e+02 6.307359e-05
1.449184e+02 4.144745e-05
1.450184e+02 -4.580291e-06
1.451184e+02 -6.793169e-05
1.452184e+02 -1.364391e-04
1.453184e+02 -2.030768e-04
1.454184e+02 -2.646740e-04
1.455184e+02 -3.251966e-04
1.456184e+02 -3.889805e-04
1.457184e+02 -4.539661e-04
1.458184e+02 -5.141507e-04
1.459184e+02 -5.579839e-04
1.460184e+02 -5.737815e-04
1.461184e+02 -5.528944e-04
1.462184e+02 -4.921041e-04
1.463184e+02 -3.967278e-04
1.464184e+02 -2.789498e-04
1.465184e+02 -1.560856e-04
1.466184e+02 -4.773852e-05
1.467184e+02 2.299097e-05
1.468184e+02 4.414120e-05
1.469184e+02 1.111285e-05
1.470184e+02 -7.125929e-05
1.471184e+02 -1.832184e-04
1.472184e+02 -3.034842e-04
1.473184e+02 -4.089379e-04
1.474184e+02 -4.823032e-04
1.475184e+02 -5.121013e-04
1.476184e+02 -4.937029e-04
1.477184e+02 -4.336585e-04
1.478184e+02 -3.424849e-04
1.479184e+02 -2.422650e-04
1.480184e+02 -1.583228e-04
1.481184e+02 -1.124419e-04
1.482184e+02 -1.217507e-04
1.483184e+02 -1.878217e-04
1.484184e+02 -2.977618e-04
1.485184e+02 -4.244118e-04
1.486184e+02 -5.396239e-04
1.487184e+02 -6.149871e-04
1.488184e+02 -6.372993e-04
1.489184e+02 -6.078701e-04
1.490184e+02 -5.353158e-04
1.491184e+02 -4.359497e-04
1.492184e+02 -3.187105e-04
1.493184e+02 -1.895968e-04
1.494184e+02 -4.727321e-05
1.495184e+02 1.025840e-04
1.496184e+02 2.483918e-04
1.497184e+02 3.691939e-04
1.498184e+02 4.436096e-04
1.499184e+02 4.523423e-04
1.500184e+02 3.869893e-04
1.501184e+02 2.571828e-04
1.502184e+02 8.549755e-05
1.503184e+02 -1.012509e-04
1.504184e+02 -2.782462e-04
1.505184e+02 -4.325841e-04
1.506184e+02 -5.598538e-04
1.507184e+02 -6.634938e-04
1.508184e+02 -7.528004e-04
1.509184e+02 -8.328215e-04
1.510184e+02 1.942530e-04
