4.02350 0 0 0.00534461 0 0 0
4.26932 0 0 0.0185250 0 0 0
4.35582 0 0 0.0293278 0 0 0
4.36350 0 0 0.0401437 0 0 0
4.37119 0 0 0.0509596 0 0 0
4.45769 0 0 0.0617625 0 0 0
4.54247 0 0 0.0701619 0 0 0
4.55016 0 0 0.0809778 0 0 0
4.71461 0 0 0.0905658 0 0 0
4.95360 0 0 0.0941321 0 0 0
5.02643 0 0 0.0857067 0 0 0
5.09670 0 0 0.0736760 0 0 0
5.24663 0 0 0.0628340 0 0 0
5.31775 0 0 0.0520051 0 0 0
5.47024 0 0 0.0447685 0 0 0
5.63384 0 0 0.0531548 0 0 0
5.71862 0 0 0.0615541 0 0 0
5.80426 0 0 0.0711552 0 0 0
5.89076 0 0 0.0819581 0 0 0
6.05435 0 0 0.0903444 0 0 0
6.22051 0 0 0.102336 0 0 0
6.46377 0 0 0.111911 0 0 0
6.70532 0 0 0.119083 0 0 0
7.09424 0 0 0.111807 0 0 0
7.32639 0 0 0.105759 0 0 0
7.79924 0 0 0.105681 0 0 0
8.04079 0 0 0.112852 0 0 0
8.36201 0 0 0.121213 0 0 0
8.84254 0 0 0.131950 0 0 0
9.24769 0 0 0.147508 0 0 0
9.81216 0 0 0.165444 0 0 0
10.3809 0 0 0.189388 0 0 0
11.0285 0 0 0.213319 0 0 0
11.5184 0 0 0.237276 0 0 0
12.1728 0 0 0.270821 0 0 0
12.5847 0 0 0.295993 0 0 0
13.0772 0 0 0.323556 0 0 0
13.4926 0 0 0.353535 0 0 0
14.0742 0 0 0.395506 0 0 0
14.7474 0 0 0.455490 0 0 0
15.2552 0 0 0.504684 0 0 0
15.7614 0 0 0.551475 0 0 0
16.1022 0 0 0.587476 0 0 0
16.6084 0 0 0.634266 0 0 0
17.0281 0 0 0.670254 0 0 0
17.4494 0 0 0.708646 0 0 0
17.9530 0 0 0.751831 0 0 0
18.3727 0 0 0.787819 0 0 0
18.8669 0 0 0.817785 0 0 0
19.2729 0 0 0.834545 0 0 0
19.6789 0 0 0.851304 0 0 0
20.0823 0 0 0.864459 0 0 0
20.7205 0 0 0.875170 0 0 0
21.3552 0 0 0.881075 0 0 0
21.9883 0 0 0.884576 0 0 0
22.5365 0 0 0.879678 0 0 0
23.1601 0 0 0.869959 0 0 0
23.7829 0 0 0.859039 0 0 0
24.2464 0 0 0.845742 0 0 0
24.7861 0 0 0.828826 0 0 0
25.3249 0 0 0.810708 0 0 0
25.7010 0 0 0.785406 0 0 0
26.2331 0 0 0.757674 0 0 0
26.6905 0 0 0.735964 0 0 0
27.3022 0 0 0.709421 0 0 0
27.7554 0 0 0.681702 0 0 0
28.1349 0 0 0.661207 0 0 0
28.5093 0 0 0.633501 0 0 0
29.0439 0 0 0.609375 0 0 0
29.6547 0 0 0.581630 0 0 0
30.4994 0 0 0.550241 0 0 0
31.2627 0 0 0.515260 0 0 0
32.1066 0 0 0.482669 0 0 0
32.7954 0 0 0.453709 0 0 0
33.5612 0 0 0.422333 0 0 0
34.6398 0 0 0.387299 0 0 0
35.5641 0 0 0.357099 0 0 0
36.7232 0 0 0.324456 0 0 0
37.9619 0 0 0.293001 0 0 0
39.5938 0 0 0.260280 0 0 0
41.4622 0 0 0.227520 0 0 0
43.4899 0 0 0.197137 0 0 0
45.9116 0 0 0.166689 0 0 0
48.8078 0 0 0.138567 0 0 0
50.1407 0 0 0.128731 0 0 0
52.1787 0 0 0.112770 0 0 0
54.1412 0 0 0.101628 0 0 0
55.9478 0 0 0.0929161 0 0 0
58.0680 0 0 0.0817485 0 0 0
60.1110 0 0 0.0729975 0 0 0
62.0761 0 0 0.0654613 0 0 0
63.6497 0 0 0.0615956 0 0 0
65.6944 0 0 0.0552481 0 0 0
68.2120 0 0 0.0488225 0 0 0
70.5729 0 0 0.0436247 0 0 0
72.8558 0 0 0.0396417 0 0 0
75.1378 0 0 0.0344570 0 0 0
77.1851 0 0 0.0317148 0 0 0
78.9951 0 0 0.0278099 0 0 0
80.6484 0 0 0.0251329 0 0 0
81.8297 0 0 0.0237358 0 0 0
8.2346E+01 0 0 2.0078E-02 0 0 0
8.4573E+01 0 0 1.8495E-02 0 0 0
8.6861E+01 0 0 1.7041E-02 0 0 0
8.9210E+01 0 0 1.5705E-02 0 0 0
9.1623E+01 0 0 1.4477E-02 0 0 0
9.4101E+01 0 0 1.3347E-02 0 0 0
9.6646E+01 0 0 1.2306E-02 0 0 0
9.9260E+01 0 0 1.1334E-02 0 0 0
1.0194E+02 0 0 1.0383E-02 0 0 0
1.0470E+02 0 0 9.5119E-03 0 0 0
1.0753E+02 0 0 8.7154E-03 0 0 0
1.1044E+02 0 0 7.9862E-03 0 0 0
1.1343E+02 0 0 7.3177E-03 0 0 0
1.1650E+02 0 0 6.7056E-03 0 0 0
1.1965E+02 0 0 6.1455E-03 0 0 0
1.2288E+02 0 0 5.6334E-03 0 0 0
1.2621E+02 0 0 5.1632E-03 0 0 0
1.2962E+02 0 0 4.7327E-03 0 0 0
1.3313E+02 0 0 4.3342E-03 0 0 0
1.3673E+02 0 0 5.3847E-03 0 0 0
1.4043E+02 0 0 5.0434E-03 0 0 0
1.4422E+02 0 0 4.7277E-03 0 0 0
1.4813E+02 0 0 4.4355E-03 0 0 0
1.5213E+02 0 0 4.1665E-03 0 0 0
1.5625E+02 0 0 3.8967E-03 0 0 0
1.6047E+02 0 0 3.6414E-03 0 0 0
1.6481E+02 0 0 3.4033E-03 0 0 0
1.6927E+02 0 0 3.1820E-03 0 0 0
1.7385E+02 0 0 2.9359E-03 0 0 0
1.7855E+02 0 0 2.7064E-03 0 0 0
1.8338E+02 0 0 2.4885E-03 0 0 0
1.8834E+02 0 0 2.2757E-03 0 0 0
1.9343E+02 0 0 2.3015E-03 0 0 0
1.9867E+02 0 0 2.1130E-03 0 0 0
2.0404E+02 0 0 1.9408E-03 0 0 0
2.0956E+02 0 0 1.7829E-03 0 0 0
2.1523E+02 0 0 1.6359E-03 0 0 0
2.2105E+02 0 0 1.4966E-03 0 0 0
2.2703E+02 0 0 1.3697E-03 0 0 0
2.3317E+02 0 0 1.2540E-03 0 0 0
2.3947E+02 0 0 1.1511E-03 0 0 0
2.4595E+02 0 0 1.0588E-03 0 0 0
2.5260E+02 0 0 9.7274E-04 0 0 0
2.5944E+02 0 0 8.9340E-04 0 0 0
2.6645E+02 0 0 8.2076E-04 0 0 0
2.7366E+02 0 0 7.5404E-04 0 0 0
2.8106E+02 0 0 6.9213E-04 0 0 0
2.8866E+02 0 0 2.3683E-03 0 0 0
2.9647E+02 0 0 2.1751E-03 0 0 0
3.0449E+02 0 0 1.9964E-03 0 0 0
3.1272E+02 0 0 1.8322E-03 0 0 0
3.2118E+02 0 0 1.6809E-03 0 0 0
3.2987E+02 0 0 1.5419E-03 0 0 0
3.3879E+02 0 0 1.4146E-03 0 0 0
3.4796E+02 0 0 1.2976E-03 0 0 0
3.5737E+02 0 0 1.1904E-03 0 0 0
3.6703E+02 0 0 1.0922E-03 0 0 0
3.7696E+02 0 0 1.0019E-03 0 0 0
3.8716E+02 0 0 9.1491E-04 0 0 0
3.9763E+02 0 0 8.3460E-04 0 0 0
4.0838E+02 0 0 7.6079E-04 0 0 0
4.1943E+02 0 0 9.6362E-04 0 0 0
4.3077E+02 0 0 8.7984E-04 0 0 0
4.4242E+02 0 0 8.0329E-04 0 0 0
4.5439E+02 0 0 7.3329E-04 0 0 0
4.6668E+02 0 0 6.6928E-04 0 0 0
4.7930E+02 0 0 6.1083E-04 0 0 0
4.9227E+02 0 0 5.5725E-04 0 0 0
5.0558E+02 0 0 5.0823E-04 0 0 0
5.1925E+02 0 0 4.6349E-04 0 0 0
5.3330E+02 0 0 4.2261E-04 0 0 0
5.4772E+02 0 0 6.9282E-04 0 0 0
5.6254E+02 0 0 6.3174E-04 0 0 0
5.7775E+02 0 0 5.7562E-04 0 0 0
5.9338E+02 0 0 5.2467E-04 0 0 0
6.0943E+02 0 0 4.7829E-04 0 0 0
6.2591E+02 0 0 4.3599E-04 0 0 0
6.4284E+02 0 0 3.9692E-04 0 0 0
6.6023E+02 0 0 3.6067E-04 0 0 0
6.7808E+02 0 0 3.2805E-04 0 0 0
6.9642E+02 0 0 2.9968E-04 0 0 0
7.1526E+02 0 0 2.7319E-04 0 0 0
7.3461E+02 0 0 2.4825E-04 0 0 0
7.5448E+02 0 0 2.2557E-04 0 0 0
7.7488E+02 0 0 2.0492E-04 0 0 0
7.9584E+02 0 0 1.8585E-04 0 0 0
8.1737E+02 0 0 1.6850E-04 0 0 0
8.3947E+02 0 0 1.5278E-04 0 0 0
8.6218E+02 0 0 1.3865E-04 0 0 0
8.8550E+02 0 0 1.2595E-04 0 0 0
9.0945E+02 0 0 1.1443E-04 0 0 0
9.3405E+02 0 0 1.0387E-04 0 0 0
9.5931E+02 0 0 9.4149E-05 0 0 0
9.8526E+02 0 0 8.5303E-05 0 0 0
1.0119E+03 0 0 7.7301E-05 0 0 0
1.0393E+03 0 0 7.0072E-05 0 0 0
1.0674E+03 0 0 6.3449E-05 0 0 0
1.0963E+03 0 0 5.7444E-05 0 0 0
1.1259E+03 0 0 5.2015E-05 0 0 0
1.1564E+03 0 0 4.7091E-05 0 0 0
1.1876E+03 0 0 4.2642E-05 0 0 0
1.2198E+03 0 0 3.8604E-05 0 0 0
1.2527E+03 0 0 3.4948E-05 0 0 0
1.2866E+03 0 0 3.1610E-05 0 0 0
1.3214E+03 0 0 2.8582E-05 0 0 0
1.3572E+03 0 0 2.5843E-05 0 0 0
1.3939E+03 0 0 2.3369E-05 0 0 0
1.4316E+03 0 0 2.1130E-05 0 0 0
1.4703E+03 0 0 1.9107E-05 0 0 0
1.5101E+03 0 0 1.7268E-05 0 0 0
1.5509E+03 0 0 1.5600E-05 0 0 0
1.5929E+03 0 0 1.4092E-05 0 0 0
1.6359E+03 0 0 1.2733E-05 0 0 0
1.6802E+03 0 0 1.1502E-05 0 0 0
1.7256E+03 0 0 1.0391E-05 0 0 0
1.7723E+03 0 0 9.3800E-06 0 0 0
1.8202E+03 0 0 8.4657E-06 0 0 0
1.8695E+03 0 0 7.6394E-06 0 0 0
1.9200E+03 0 0 6.8948E-06 0 0 0
1.9720E+03 0 0 6.2219E-06 0 0 0
2.0253E+03 0 0 5.6164E-06 0 0 0
2.0801E+03 0 0 5.0669E-06 0 0 0
2.1363E+03 0 0 4.5699E-06 0 0 0
2.1941E+03 0 0 6.9867E-06 0 0 0
2.2535E+03 0 0 6.3343E-06 0 0 0
2.3144E+03 0 0 5.7416E-06 0 0 0
2.3770E+03 0 0 5.2023E-06 0 0 0
2.4413E+03 0 0 4.7122E-06 0 0 0
2.5073E+03 0 0 4.2671E-06 0 0 0
2.5752E+03 0 0 3.8628E-06 0 0 0
2.6448E+03 0 0 3.4961E-06 0 0 0
2.7163E+03 0 0 3.1632E-06 0 0 0
2.7898E+03 0 0 2.8612E-06 0 0 0
2.8653E+03 0 0 2.5873E-06 0 0 0
2.9428E+03 0 0 2.3391E-06 0 0 0
3.0224E+03 0 0 2.1142E-06 0 0 0
3.1041E+03 0 0 1.9105E-06 0 0 0
3.1881E+03 0 0 1.7258E-06 0 0 0
3.2743E+03 0 0 1.5588E-06 0 0 0
3.3629E+03 0 0 1.4075E-06 0 0 0
3.4538E+03 0 0 1.2707E-06 0 0 0
3.5472E+03 0 0 1.1469E-06 0 0 0
3.6432E+03 0 0 1.0348E-06 0 0 0
3.7417E+03 0 0 9.3351E-07 0 0 0
3.8429E+03 0 0 8.4194E-07 0 0 0
3.9468E+03 0 0 7.5919E-07 0 0 0
4.0536E+03 0 0 6.8437E-07 0 0 0
4.1632E+03 0 0 6.1685E-07 0 0 0
4.2758E+03 0 0 5.5589E-07 0 0 0
4.3915E+03 0 0 5.0086E-07 0 0 0
4.5103E+03 0 0 4.5121E-07 0 0 0
4.6323E+03 0 0 4.0644E-07 0 0 0
4.7576E+03 0 0 3.6606E-07 0 0 0
4.8862E+03 0 0 3.2965E-07 0 0 0
5.0184E+03 0 0 2.9681E-07 0 0 0
5.1541E+03 0 0 2.6721E-07 0 0 0
5.2935E+03 0 0 2.4053E-07 0 0 0
5.4367E+03 0 0 2.1648E-07 0 0 0
5.5837E+03 0 0 1.9481E-07 0 0 0
5.7348E+03 0 0 1.7528E-07 0 0 0
5.8899E+03 0 0 1.5770E-07 0 0 0
6.0492E+03 0 0 1.4186E-07 0 0 0
6.2128E+03 0 0 1.2760E-07 0 0 0
6.3808E+03 0 0 1.1476E-07 0 0 0
6.5534E+03 0 0 1.0319E-07 0 0 0
6.7307E+03 0 0 9.2780E-08 0 0 0
6.9127E+03 0 0 8.3414E-08 0 0 0
7.0997E+03 0 0 7.4981E-08 0 0 0
7.2917E+03 0 0 6.7395E-08 0 0 0
7.4889E+03 0 0 6.0571E-08 0 0 0
7.6915E+03 0 0 5.4428E-08 0 0 0
7.8995E+03 0 0 4.8905E-08 0 0 0
8.1132E+03 0 0 4.3937E-08 0 0 0
8.3326E+03 0 0 3.9470E-08 0 0 0
8.5580E+03 0 0 3.5452E-08 0 0 0
8.7895E+03 0 0 3.1840E-08 0 0 0
9.0272E+03 0 0 2.8594E-08 0 0 0
9.2714E+03 0 0 2.5675E-08 0 0 0
9.5221E+03 0 0 2.3052E-08 0 0 0
9.7797E+03 0 0 2.0694E-08 0 0 0
1.0044E+04 0 0 1.8464E-08 0 0 0
1.0316E+04 0 0 1.6484E-08 0 0 0
1.0595E+04 0 0 1.4794E-08 0 0 0
1.0881E+04 0 0 1.3277E-08 0 0 0
1.1176E+04 0 0 1.1911E-08 0 0 0
1.1478E+04 0 0 1.0687E-08 0 0 0
1.1788E+04 0 0 9.5881E-09 0 0 0
1.2107E+04 0 0 8.6002E-09 0 0 0
1.2435E+04 0 0 7.7129E-09 0 0 0
1.2771E+04 0 0 6.9175E-09 0 0 0
1.3117E+04 0 0 6.2026E-09 0 0 0
1.3471E+04 0 0 5.5621E-09 0 0 0
1.3836E+04 0 0 4.9863E-09 0 0 0
1.4210E+04 0 0 4.4702E-09 0 0 0
1.4594E+04 0 0 4.0074E-09 0 0 0
1.4989E+04 0 0 3.5916E-09 0 0 0
1.5394E+04 0 0 3.2192E-09 0 0 0
1.5811E+04 0 0 2.8846E-09 0 0 0
1.6238E+04 0 0 2.5849E-09 0 0 0
1.6678E+04 0 0 2.3160E-09 0 0 0
1.7129E+04 0 0 2.0749E-09 0 0 0
1.7592E+04 0 0 1.8589E-09 0 0 0
1.8068E+04 0 0 1.6651E-09 0 0 0
1.8556E+04 0 0 1.4916E-09 0 0 0
1.9058E+04 0 0 1.3360E-09 0 0 0
1.9574E+04 0 0 1.1965E-09 0 0 0
2.0103E+04 0 0 1.0720E-09 0 0 0
2.0647E+04 0 0 9.6002E-10 0 0 0
2.1205E+04 0 0 8.5950E-10 0 0 0
2.1779E+04 0 0 7.6944E-10 0 0 0
2.2368E+04 0 0 6.8883E-10 0 0 0
2.2973E+04 0 0 6.1665E-10 0 0 0
2.3594E+04 0 0 5.5204E-10 0 0 0
2.4232E+04 0 0 4.9417E-10 0 0 0
2.4888E+04 0 0 4.4234E-10 0 0 0
2.5561E+04 0 0 3.9595E-10 0 0 0
2.6252E+04 0 0 3.5442E-10 0 0 0
2.6962E+04 0 0 3.1723E-10 0 0 0
2.7692E+04 0 0 2.8391E-10 0 0 0
2.8441E+04 0 0 2.5410E-10 0 0 0
2.9210E+04 0 0 2.2741E-10 0 0 0
3.0000E+04 0 0 2.0351E-10 0 0 0
