#Kapton-ELS 0 0 form 0 0 0
#600 0 0  0 0 0
2.2626 0 0 0.0007634 0 0 0
2.45115 0 0 0.007634 0 0 0
2.6397 0 0 0.015268 0 0 0
3.0168 0 0 0.022902 0 0 0
3.3939 0 0 0.03817 0 0 0
3.771 0 0 0.053438 0 0 0
3.95955 0 0 0.110693 0 0 0
4.1481 0 0 0.1114564 0 0 0
4.5252 0 0 0.106876 0 0 0
4.9023 0 0 0.175582 0 0 0
5.2794 0 0 0.225203 0 0 0
5.6565 0 0 0.282458 0 0 0
5.84505 0 0 0.290092 0 0 0
6.0336 0 0 0.290092 0 0 0
6.22215 0 0 0.335896 0 0 0
6.4107 0 0 0.351164 0 0 0
6.7878 0 0 0.30536 0 0 0
7.1649 0 0 0.263373 0 0 0
7.35345 0 0 0.19085 0 0 0
7.542 0 0 0.129778 0 0 0
7.9191 0 0 0.099242 0 0 0
8.2962 0 0 0.106876 0 0 0
8.48475 0 0 0.110693 0 0 0
8.6733 0 0 0.106876 0 0 0
9.0504 0 0 0.0809204 0 0 0
9.23895 0 0 0.0671792 0 0 0
9.4275 0 0 0.068706 0 0 0
9.8046 0 0 0.0824472 0 0 0
10.1817 0 0 0.099242 0 0 0
10.5588 0 0 0.1168002 0 0 0
10.9359 0 0 0.137412 0 0 0
11.313 0 0 0.156497 0 0 0
11.6901 0 0 0.179399 0 0 0
12.0672 0 0 0.202301 0 0 0
12.4443 0 0 0.221386 0 0 0
12.8214 0 0 0.244288 0 0 0
13.1985 0 0 0.263373 0 0 0
13.5756 0 0 0.2839848 0 0 0
13.9527 0 0 0.3038332 0 0 0
14.3298 0 0 0.320628 0 0 0
14.7069 0 0 0.34353 0 0 0
15.084 0 0 0.366432 0 0 0
15.4611 0 0 0.389334 0 0 0
15.8382 0 0 0.4168164 0 0 0
16.2153 0 0 0.4450622 0 0 0
16.5924 0 0 0.480942 0 0 0
16.9695 0 0 0.5130048 0 0 0
17.3466 0 0 0.549648 0 0 0
17.7237 0 0 0.587818 0 0 0
18.1008 0 0 0.633622 0 0 0
18.4779 0 0 0.6626312 0 0 0
18.855 0 0 0.709962 0 0 0
19.2321 0 0 0.748132 0 0 0
19.6092 0 0 0.786302 0 0 0
19.9863 0 0 0.824472 0 0 0
20.3634 0 0 0.8565348 0 0 0
20.7405 0 0 0.8863074 0 0 0
21.1176 0 0 0.91608 0 0 0
21.4947 0 0 0.9489062 0 0 0
21.8718 0 0 0.9710448 0 0 0
22.2489 0 0 0.984786 0 0 0
22.626 0 0 0.99242 0 0 0
23.0031 0 0 0.9947102 0 0 0
23.3802 0 0 0.99242 0 0 0
23.7573 0 0 0.980969 0 0 0
24.1344 0 0 0.969518 0 0 0
24.5115 0 0 0.958067 0 0 0
24.8886 0 0 0.946616 0 0 0
25.2657 0 0 0.9374552 0 0 0
25.6428 0 0 0.9260042 0 0 0
26.0199 0 0 0.91608 0 0 0
26.397 0 0 0.9031022 0 0 0
26.7741 0 0 0.889361 0 0 0
27.1512 0 0 0.8756198 0 0 0
27.5283 0 0 0.855008 0 0 0
27.9054 0 0 0.832106 0 0 0
28.2825 0 0 0.809204 0 0 0
28.6596 0 0 0.7809582 0 0 0
29.0367 0 0 0.748132 0 0 0
29.4138 0 0 0.7160692 0 0 0
29.7909 0 0 0.68706 0 0 0
30.168 0 0 0.6626312 0 0 0
30.5451 0 0 0.641256 0 0 0
30.9222 0 0 0.6229344 0 0 0
31.2993 0 0 0.603086 0 0 0
31.6764 0 0 0.587818 0 0 0
32.0535 0 0 0.57255 0 0 0
32.4306 0 0 0.553465 0 0 0
32.8077 0 0 0.538197 0 0 0
33.1848 0 0 0.519112 0 0 0
33.5619 0 0 0.5023172 0 0 0
33.939 0 0 0.480942 0 0 0
34.3161 0 0 0.465674 0 0 0
34.6932 0 0 0.446589 0 0 0
35.0703 0 0 0.435138 0 0 0
35.4474 0 0 0.41987 0 0 0
35.8245 0 0 0.408419 0 0 0
36.2016 0 0 0.396968 0 0 0
36.5787 0 0 0.385517 0 0 0
36.9558 0 0 0.377883 0 0 0
37.3329 0 0 0.366432 0 0 0
37.71 0 0 0.3572712 0 0 0
38.0871 0 0 0.3458202 0 0 0
38.4642 0 0 0.335896 0 0 0
38.8413 0 0 0.3267352 0 0 0
39.2184 0 0 0.3160476 0 0 0
39.5955 0 0 0.30536 0 0 0
39.9726 0 0 0.297726 0 0 0
40.3497 0 0 0.2885652 0 0 0
40.7268 0 0 0.282458 0 0 0
41.1039 0 0 0.271007 0 0 0
41.481 0 0 0.2648998 0 0 0
41.8581 0 0 0.255739 0 0 0
42.2352 0 0 0.248105 0 0 0
42.6123 0 0 0.2412344 0 0 0
42.9894 0 0 0.2336004 0 0 0
43.3665 0 0 0.2274932 0 0 0
43.7436 0 0 0.2198592 0 0 0
44.1207 0 0 0.213752 0 0 0
44.4978 0 0 0.2076448 0 0 0
44.8749 0 0 0.2007742 0 0 0
45.252 0 0 0.194667 0 0 0
45.6291 0 0 0.1877964 0 0 0
46.0062 0 0 0.183216 0 0 0
46.3833 0 0 0.1778722 0 0 0
46.7604 0 0 0.171765 0 0 0
47.1375 0 0 0.1671846 0 0 0
47.5146 0 0 0.1610774 0 0 0
47.8917 0 0 0.156497 0 0 0
48.2688 0 0 0.15268 0 0 0
48.6459 0 0 0.1473362 0 0 0
49.023 0 0 0.1442826 0 0 0
49.7772 0 0 0.1358852 0 0 0
50.5314 0 0 0.129778 0 0 0
51.2856 0 0 0.122144 0 0 0
52.0398 0 0 0.1160368 0 0 0
52.794 0 0 0.110693 0 0 0
53.5482 0 0 0.1053492 0 0 0
54.3024 0 0 0.1000054 0 0 0
55.0566 0 0 0.0969518 0 0 0
55.8108 0 0 0.0923714 0 0 0
56.565 0 0 0.087791 0 0 0
57.3192 0 0 0.083974 0 0 0
58.0734 0 0 0.0816838 0 0 0
58.8276 0 0 0.0778668 0 0 0
59.5818 0 0 0.0748132 0 0 0
60.336 0 0 0.072523 0 0 0
61.0902 0 0 0.068706 0 0 0
61.8444 0 0 0.0671792 0 0 0
62.5986 0 0 0.061072 0 0 0
63.3528 0 0 0.0595452 0 0 0
64.107 0 0 0.0542014 0 0 0
64.8612 0 0 0.0526746 0 0 0
68.314 0 0 0.03313037 0 0 0
70.162 0 0 0.03038972 0 0 0
72.059 0 0 0.0278881 0 0 0
74.008 0 0 0.02559884 0 0 0
76.01 0 0 0.02350508 0 0 0
78.066 0 0 0.0215888 0 0 0
80.177 0 0 0.01983431 0 0 0
82.346 0 0 0.01822594 0 0 0
84.573 0 0 0.01675186 0 0 0
86.861 0 0 0.01540077 0 0 0
89.21 0 0 0.01416253 0 0 0
91.623 0 0 0.01302685 0 0 0
94.101 0 0 0.01198464 0 0 0
96.646 0 0 0.01102827 0 0 0
99.26 0 0 0.01014145 0 0 0
101.94 0 0 0.00929098 0 0 0
104.7 0 0 0.00851153 0 0 0
107.53 0 0 0.00779924 0 0 0
110.44 0 0 0.00714724 0 0 0
113.43 0 0 0.00655065 0 0 0
116.5 0 0 0.00600482 0 0 0
119.65 0 0 0.00550539 0 0 0
122.88 0 0 0.00504875 0 0 0
126.21 0 0 0.0046295 0 0 0
129.62 0 0 0.00424614 0 0 0
133.13 0 0 0.00389253 0 0 0
136.73 0 0 0.00356499 0 0 0
140.43 0 0 0.00326632 0 0 0
144.22 0 0 0.00299335 0 0 0
148.13 0 0 0.00274287 0 0 0
152.13 0 0 0.00251407 0 0 0
156.25 0 0 0.0023042 0 0 0
160.47 0 0 0.00211225 0 0 0
164.81 0 0 0.00193556 0 0 0
169.27 0 0 0.00177328 0 0 0
173.85 0 0 0.00162479 0 0 0
178.55 0 0 0.00148893 0 0 0
183.38 0 0 0.0013602 0 0 0
188.34 0 0 0.00123188 0 0 0
193.43 0 0 0.00111274 0 0 0
198.67 0 0 0.00100502 0 0 0
204.04 0 0 0.00090789 0 0 0
209.56 0 0 0.00082015 0 0 0
215.23 0 0 0.00074094 0 0 0
221.05 0 0 0.00066963 0 0 0
227.03 0 0 0.00060609 0 0 0
233.17 0 0 0.00054861 0 0 0
239.47 0 0 0.00049703 0 0 0
245.95 0 0 0.00045128 0 0 0
252.6 0 0 0.00040705 0 0 0
259.44 0 0 0.00036643 0 0 0
266.45 0 0 0.00032992 0 0 0
273.66 0 0 0.00029699 0 0 0
281.06 0 0 0.00026705 0 0 0
288.66 0 0 0.00334823 0 0 0
296.47 0 0 0.00307643 0 0 0
304.49 0 0 0.00282358 0 0 0
312.72 0 0 0.00259079 0 0 0
321.18 0 0 0.00237656 0 0 0
329.87 0 0 0.00217983 0 0 0
338.79 0 0 0.00199936 0 0 0
347.96 0 0 0.00183368 0 0 0
357.37 0 0 0.00168174 0 0 0
367.03 0 0 0.00154244 0 0 0
376.96 0 0 0.0014144 0 0 0
387.16 0 0 0.00128966 0 0 0
397.63 0 0 0.00117492 0 0 0
408.38 0 0 0.00107029 0 0 0
419.43 0 0 0.00110731 0 0 0
430.77 0 0 0.00100954 0 0 0
442.42 0 0 0.00092037 0 0 0
454.39 0 0 0.00083904 0 0 0
466.68 0 0 0.00076491 0 0 0
479.3 0 0 0.00069734 0 0 0
492.27 0 0 0.00063534 0 0 0
505.58 0 0 0.00057856 0 0 0
519.25 0 0 0.00052685 0 0 0
533.3 0 0 0.00047974 0 0 0
547.72 0 0 0.00064079 0 0 0
562.54 0 0 0.00058386 0 0 0
577.75 0 0 0.0005318 0 0 0
593.38 0 0 0.00048448 0 0 0
609.43 0 0 0.00044139 0 0 0
625.91 0 0 0.00040212 0 0 0
642.84 0 0 0.00036608 0 0 0
660.23 0 0 0.00033289 0 0 0
678.08 0 0 0.00030296 0 0 0
696.42 0 0 0.00027679 0 0 0
715.26 0 0 0.00025219 0 0 0
734.61 0 0 0.00022885 0 0 0
754.48 0 0 0.00020765 0 0 0
774.88 0 0 0.00018841 0 0 0
795.84 0 0 0.00017076 0 0 0
817.37 0 0 0.00015474 0 0 0
839.47 0 0 0.00014023 0 0 0
862.18 0 0 0.00012714 0 0 0
885.5 0 0 0.00011533 0 0 0
909.45 0 0 0.00010463 0 0 0
934.05 0 0 9.49E-05 0 0 0
959.31 0 0 8.59E-05 0 0 0
985.26 0 0 7.78E-05 0 0 0
1011.9 0 0 7.04E-05 0 0 0
1039.3 0 0 6.38E-05 0 0 0
1067.4 0 0 5.77E-05 0 0 0
1096.3 0 0 5.22E-05 0 0 0
1125.9 0 0 4.72E-05 0 0 0
1156.4 0 0 4.27E-05 0 0 0
1187.6 0 0 3.86E-05 0 0 0
1219.8 0 0 3.49E-05 0 0 0
1252.7 0 0 3.16E-05 0 0 0
1286.6 0 0 2.86E-05 0 0 0
1321.4 0 0 2.58E-05 0 0 0
1357.2 0 0 2.33E-05 0 0 0
1393.9 0 0 2.10E-05 0 0 0
1431.6 0 0 1.90E-05 0 0 0
1470.3 0 0 1.72E-05 0 0 0
1510.1 0 0 1.55E-05 0 0 0
1550.9 0 0 1.40E-05 0 0 0
1592.9 0 0 1.26E-05 0 0 0
1635.9 0 0 1.14E-05 0 0 0
1680.2 0 0 1.03E-05 0 0 0
1725.6 0 0 9.28E-06 0 0 0
1772.3 0 0 8.37E-06 0 0 0
1820.2 0 0 7.55E-06 0 0 0
1869.5 0 0 6.80E-06 0 0 0
1920 0 0 6.13E-06 0 0 0
1972 0 0 5.53E-06 0 0 0
2025.3 0 0 4.99E-06 0 0 0
2080.1 0 0 4.50E-06 0 0 0
2136.3 0 0 4.05E-06 0 0 0
2194.1 0 0 3.65E-06 0 0 0
2253.5 0 0 3.29E-06 0 0 0
2314.4 0 0 2.96E-06 0 0 0
2377 0 0 2.67E-06 0 0 0
2441.3 0 0 2.40E-06 0 0 0
2507.3 0 0 2.16E-06 0 0 0
2575.2 0 0 1.95E-06 0 0 0
2644.8 0 0 1.75E-06 0 0 0
2716.3 0 0 1.58E-06 0 0 0
2789.8 0 0 1.42E-06 0 0 0
2865.3 0 0 1.28E-06 0 0 0
2942.8 0 0 1.15E-06 0 0 0
3022.4 0 0 1.04E-06 0 0 0
3104.1 0 0 9.31E-07 0 0 0
3188.1 0 0 8.37E-07 0 0 0
3274.3 0 0 7.53E-07 0 0 0
3362.9 0 0 6.77E-07 0 0 0
3453.8 0 0 6.08E-07 0 0 0
3547.2 0 0 5.47E-07 0 0 0
3643.2 0 0 4.91E-07 0 0 0
3741.7 0 0 4.41E-07 0 0 0
3842.9 0 0 3.96E-07 0 0 0
3946.8 0 0 3.56E-07 0 0 0
4053.6 0 0 3.19E-07 0 0 0
4163.2 0 0 2.87E-07 0 0 0
4275.8 0 0 2.57E-07 0 0 0
4391.5 0 0 2.31E-07 0 0 0
4510.3 0 0 2.07E-07 0 0 0
4632.3 0 0 1.86E-07 0 0 0
4757.6 0 0 1.67E-07 0 0 0
4886.2 0 0 1.49E-07 0 0 0
5018.4 0 0 1.34E-07 0 0 0
5154.1 0 0 1.20E-07 0 0 0
5293.5 0 0 1.08E-07 0 0 0
5436.7 0 0 9.65E-08 0 0 0
5583.7 0 0 8.64E-08 0 0 0
5734.8 0 0 7.75E-08 0 0 0
5889.9 0 0 6.94E-08 0 0 0
6049.2 0 0 6.22E-08 0 0 0
6212.8 0 0 5.57E-08 0 0 0
6380.8 0 0 4.99E-08 0 0 0
6553.4 0 0 4.47E-08 0 0 0
6730.7 0 0 4.00E-08 0 0 0
6912.7 0 0 3.58E-08 0 0 0
7099.7 0 0 3.20E-08 0 0 0
7291.7 0 0 2.87E-08 0 0 0
7488.9 0 0 2.57E-08 0 0 0
7691.5 0 0 2.29E-08 0 0 0
7899.5 0 0 2.05E-08 0 0 0
8113.2 0 0 1.84E-08 0 0 0
8332.6 0 0 1.64E-08 0 0 0
8558 0 0 1.47E-08 0 0 0
8789.5 0 0 1.31E-08 0 0 0
9027.2 0 0 1.17E-08 0 0 0
9271.4 0 0 1.05E-08 0 0 0
9522.1 0 0 9.37E-09 0 0 0
9779.7 0 0 8.37E-09 0 0 0
10044 0 0 7.43E-09 0 0 0
10316 0 0 6.60E-09 0 0 0
10595 0 0 5.89E-09 0 0 0
10881 0 0 5.26E-09 0 0 0
11176 0 0 4.70E-09 0 0 0
11478 0 0 4.19E-09 0 0 0
11788 0 0 3.74E-09 0 0 0
12107 0 0 3.34E-09 0 0 0
12435 0 0 2.98E-09 0 0 0
12771 0 0 2.66E-09 0 0 0
13117 0 0 2.37E-09 0 0 0
13471 0 0 2.12E-09 0 0 0
13836 0 0 1.89E-09 0 0 0
14210 0 0 1.68E-09 0 0 0
14594 0 0 1.50E-09 0 0 0
14989 0 0 1.34E-09 0 0 0
15394 0 0 1.19E-09 0 0 0
15811 0 0 1.06E-09 0 0 0
16238 0 0 9.47E-10 0 0 0
16678 0 0 8.44E-10 0 0 0
17129 0 0 7.52E-10 0 0 0
17592 0 0 6.70E-10 0 0 0
18068 0 0 5.97E-10 0 0 0
18556 0 0 5.33E-10 0 0 0
19058 0 0 4.75E-10 0 0 0
19574 0 0 4.23E-10 0 0 0
20103 0 0 3.78E-10 0 0 0
20647 0 0 3.37E-10 0 0 0
21205 0 0 3.00E-10 0 0 0
21779 0 0 2.67E-10 0 0 0
22368 0 0 2.38E-10 0 0 0
22973 0 0 2.12E-10 0 0 0
23594 0 0 1.89E-10 0 0 0
24232 0 0 1.68E-10 0 0 0
24888 0 0 1.50E-10 0 0 0
25561 0 0 1.34E-10 0 0 0
26252 0 0 1.19E-10 0 0 0
26962 0 0 1.06E-10 0 0 0
27692 0 0 9.46E-11 0 0 0
28441 0 0 8.43E-11 0 0 0
29210 0 0 7.51E-11 0 0 0
30000 0 0 6.70E-11 0 0 0
