5 0 0 0.00012207 0 0 0
6 0 0 0.00038289 0 0 0
7 0 0 0.00495193 0 0 0
8 0 0 0.05194736 0 0 0
9 0 0 0.21441876 0 0 0
10 0 0 0.24760268 0 0 0
11 0 0 0.2330182 0 0 0
12 0 0 0.26887189 0 0 0
13 0 0 0.35606234 0 0 0
14 0 0 0.446515 0 0 0
15 0 0 0.56782838 0 0 0
16 0 0 0.66666667 0 0 0
17 0 0 0.80350621 0 0 0
18 0 0 0.92284288 0 0 0
19 0 0 0.98658102 0 0 0
20 0 0 1.06715754 0 0 0
25 0 0 0.87007142 0 0 0
30 0 0 0.47339526 0 0 0
40 0 0 0.15485024 0 0 0
50 0 0 0.06411585 0 0 0
60 0 0 0.03321531 0 0 0
70 0 0 0.01401485 0 0 0
80 0 0 0.00888005 0 0 0
90 0 0 0.00605193 0 0 0
100 0 0 0.00416174 0 0 0
102 0 0 0.00388539 0 0 0
104 0 0 0.00363348 0 0 0
107 0 0 0.00329331 0 0 0
110 0 0 0.0029913 0 0 0
112 0 0 0.00283261 0 0 0
115 0 0 0.00261792 0 0 0
118 0 0 0.00242403 0 0 0
121 0 0 0.00225053 0 0 0
124 0 0 0.00209187 0 0 0
127 0 0 0.00194953 0 0 0
130 0 0 0.00181886 0 0 0
133 0 0 0.00168558 0 0 0
136 0 0 0.00156634 0 0 0
140 0 0 0.00142144 0 0 0
143 0 0 0.00132448 0 0 0
147 0 0 0.00120819 0 0 0
150 0 0 0.00112926 0 0 0
154 0 0 0.00103647 0 0 0
158 0 0 0.00095163 0 0 0
162 0 0 0.00087623 0 0 0
166 0 0 0.00080722 0 0 0
170 0 0 0.00074388 0 0 0
174 0 0 0.00068745 0 0 0
178 0 0 0.00063732 0 0 0
182 0 0 0.00059095 0 0 0
187 0 0 0.00054037 0 0 0
191 0 0 0.00050284 0 0 0
196 0 0 0.00046154 0 0 0
201 0 0 0.00042382 0 0 0
206 0 0 0.00038925 0 0 0
211 0 0 0.00035755 0 0 0
216 0 0 0.00032958 0 0 0
221 0 0 0.00030384 0 0 0
227 0 0 0.00027641 0 0 0
232 0 0 0.00025682 0 0 0
238 0 0 0.00023459 0 0 0
244 0 0 0.00021521 0 0 0
250 0 0 0.00019743 0 0 0
256 0 0 0.00018193 0 0 0
262 0 0 0.00016765 0 0 0
269 0 0 0.00015329 0 0 0
275 0 0 0.00014189 0 0 0
282 0 0 0.00012955 0 0 0
289 0 0 0.00296201 0 0 0
296 0 0 0.00273461 0 0 0
303 0 0 0.00252022 0 0 0
311 0 0 0.00230142 0 0 0
318 0 0 0.00212991 0 0 0
326 0 0 0.00195371 0 0 0
334 0 0 0.00179665 0 0 0
342 0 0 0.00165665 0 0 0
351 0 0 0.0015142 0 0 0
359 0 0 0.00140007 0 0 0
368 0 0 0.00128322 0 0 0
377 0 0 0.00117969 0 0 0
386 0 0 0.00108802 0 0 0
396 0 0 0.00099483 0 0 0
406 0 0 0.00091268 0 0 0
415 0 0 0.0008445 0 0 0
426 0 0 0.00077086 0 0 0
436 0 0 0.00071253 0 0 0
447 0 0 0.00065289 0 0 0
458 0 0 0.00060074 0 0 0
469 0 0 0.00055271 0 0 0
480 0 0 0.00050841 0 0 0
492 0 0 0.00046559 0 0 0
504 0 0 0.0004284 0 0 0
516 0 0 0.00039414 0 0 0
529 0 0 0.00036114 0 0 0
542 0 0 0.0003327 0 0 0
555 0 0 0.00030472 0 0 0
569 0 0 0.00027964 0 0 0
583 0 0 0.00025498 0 0 0
597 0 0 0.00023539 0 0 0
612 0 0 0.00021513 0 0 0
627 0 0 0.00019652 0 0 0
642 0 0 0.00018073 0 0 0
658 0 0 0.00016439 0 0 0
674 0 0 0.00015059 0 0 0
690 0 0 0.00013904 0 0 0
707 0 0 0.00012801 0 0 0
725 0 0 0.00011648 0 0 0
742 0 0 0.00010719 0 0 0
760 0 0 9.74E-05 0 0 0
779 0 0 8.91E-05 0 0 0
798 0 0 8.14E-05 0 0 0
818 0 0 7.42E-05 0 0 0
838 0 0 6.78E-05 0 0 0
858 0 0 6.21E-05 0 0 0
879 0 0 5.67E-05 0 0 0
901 0 0 5.17E-05 0 0 0
923 0 0 4.72E-05 0 0 0
945 0 0 4.32E-05 0 0 0
968 0 0 0.00003947 0 0 0
992 0 0 3.60E-05 0 0 0
1016 0 0 0.00003289 0 0 0
1041 0 0 3.00E-05 0 0 0
1067 0 0 2.73E-05 0 0 0
1093 0 0 0.00002491 0 0 0
1119 0 0 2.28E-05 0 0 0
1147 0 0 2.07E-05 0 0 0
1175 0 0 1.89E-05 0 0 0
1204 0 0 1.72E-05 0 0 0
1233 0 0 1.57E-05 0 0 0
1263 0 0 0.0000143 0 0 0
1294 0 0 0.00001303 0 0 0
1326 0 0 1.18E-05 0 0 0
1358 0 0 1.08E-05 0 0 0
1392 0 0 9.81E-06 0 0 0
1426 0 0 8.94E-06 0 0 0
1460 0 0 8.17E-06 0 0 0
1496 0 0 7.41E-06 0 0 0
1533 0 0 6.75E-06 0 0 0
1570 0 0 6.15E-06 0 0 0
1609 0 0 5.57E-06 0 0 0
1648 0 0 5.09E-06 0 0 0
1688 0 0 4.62E-06 0 0 0
1730 0 0 4.20E-06 0 0 0
1772 0 0 3.82E-06 0 0 0
1815 0 0 3.48E-06 0 0 0
1860 0 0 3.17E-06 0 0 0
1905 0 0 2.88E-06 0 0 0
1952 0 0 2.62E-06 0 0 0
2000 0 0 2.38E-06 0 0 0
2025.3 0 0 2.26165E-06 0 0 0
2080.1 0 0 2.03569E-06 0 0 0
2136.3 0 0 1.83210E-06 0 0 0
2194.1 0 0 1.64839E-06 0 0 0
2253.5 0 0 1.48301E-06 0 0 0
2314.4 0 0 1.33410E-06 0 0 0
2377 0 0 1.20002E-06 0 0 0
2441.3 0 0 1.07923E-06 0 0 0
2507.3 0 0 9.70496E-07 0 0 0
2575.2 0 0 8.72648E-07 0 0 0
2644.8 0 0 7.84577E-07 0 0 0
2716.3 0 0 7.05291E-07 0 0 0
2789.8 0 0 6.33922E-07 0 0 0
2865.3 0 0 5.69695E-07 0 0 0
2942.8 0 0 5.11939E-07 0 0 0
3022.4 0 0 4.59963E-07 0 0 0
3104.1 0 0 4.13222E-07 0 0 0
3188.1 0 0 3.71159E-07 0 0 0
3274.3 0 0 3.33343E-07 0 0 0
3362.9 0 0 2.99323E-07 0 0 0
3453.8 0 0 2.68752E-07 0 0 0
3547.2 0 0 2.41254E-07 0 0 0
3643.2 0 0 2.16526E-07 0 0 0
3741.7 0 0 1.94312E-07 0 0 0
3842.9 0 0 1.74339E-07 0 0 0
3946.8 0 0 1.56396E-07 0 0 0
4053.6 0 0 1.40315E-07 0 0 0
4163.2 0 0 1.25835E-07 0 0 0
4275.8 0 0 1.12831E-07 0 0 0
4391.5 0 0 1.01155E-07 0 0 0
4510.3 0 0 9.06768E-08 0 0 0
4632.3 0 0 8.12719E-08 0 0 0
4757.6 0 0 7.28337E-08 0 0 0
4886.2 0 0 6.52653E-08 0 0 0
5018.4 0 0 5.84731E-08 0 0 0
5154.1 0 0 5.23815E-08 0 0 0
5293.5 0 0 4.69189E-08 0 0 0
5436.7 0 0 4.20174E-08 0 0 0
5583.7 0 0 3.76241E-08 0 0 0
5734.8 0 0 3.36853E-08 0 0 0
5889.9 0 0 3.01529E-08 0 0 0
6049.2 0 0 2.69883E-08 0 0 0
6212.8 0 0 2.41521E-08 0 0 0
6380.8 0 0 2.16106E-08 0 0 0
6553.4 0 0 1.93335E-08 0 0 0
6730.7 0 0 1.72933E-08 0 0 0
6912.7 0 0 1.54666E-08 0 0 0
7099.7 0 0 1.38301E-08 0 0 0
7291.7 0 0 1.23650E-08 0 0 0
7488.9 0 0 1.10534E-08 0 0 0
7691.5 0 0 9.87908E-09 0 0 0
7899.5 0 0 8.82829E-09 0 0 0
8113.2 0 0 7.88768E-09 0 0 0
8332.6 0 0 7.04626E-09 0 0 0
8558 0 0 6.29353E-09 0 0 0
8789.5 0 0 5.62025E-09 0 0 0
9027.2 0 0 5.01804E-09 0 0 0
9271.4 0 0 4.47961E-09 0 0 0
9522.1 0 0 3.99842E-09 0 0 0
9779.7 0 0 3.56806E-09 0 0 0
10044 0 0 3.16155E-09 0 0 0
10316 0 0 2.80318E-09 0 0 0
10595 0 0 2.50032E-09 0 0 0
10881 0 0 2.22994E-09 0 0 0
11176 0 0 1.98804E-09 0 0 0
11478 0 0 1.77237E-09 0 0 0
11788 0 0 1.57991E-09 0 0 0
12107 0 0 1.40795E-09 0 0 0
12435 0 0 1.25446E-09 0 0 0
12771 0 0 1.11769E-09 0 0 0
13117 0 0 9.95525E-10 0 0 0
13471 0 0 8.86792E-10 0 0 0
13836 0 0 7.89662E-10 0 0 0
14210 0 0 7.03179E-10 0 0 0
14594 0 0 6.26104E-10 0 0 0
14989 0 0 5.57376E-10 0 0 0
15394 0 0 4.96199E-10 0 0 0
15811 0 0 4.41651E-10 0 0 0
16238 0 0 3.93139E-10 0 0 0
16678 0 0 3.49889E-10 0 0 0
17129 0 0 3.11425E-10 0 0 0
17592 0 0 2.77206E-10 0 0 0
18068 0 0 2.46743E-10 0 0 0
18556 0 0 2.19670E-10 0 0 0
19058 0 0 1.95570E-10 0 0 0
19574 0 0 1.74134E-10 0 0 0
20103 0 0 1.55693E-10 0 0 0
20647 0 0 1.38623E-10 0 0 0
21205 0 0 1.23137E-10 0 0 0
21779 0 0 1.09389E-10 0 0 0
22368 0 0 9.71946E-11 0 0 0
22973 0 0 8.63723E-11 0 0 0
23594 0 0 7.67668E-11 0 0 0
24232 0 0 6.82382E-11 0 0 0
24888 0 0 6.06624E-11 0 0 0
25561 0 0 5.39378E-11 0 0 0
26252 0 0 4.79662E-11 0 0 0
26962 0 0 4.26602E-11 0 0 0
27692 0 0 3.79434E-11 0 0 0
28441 0 0 3.37542E-11 0 0 0
29210 0 0 3.00321E-11 0 0 0
30000 0 0 2.67233E-11 0 0 0
