5.4973822 0 0 0.00883978 0 0 0
5.65445026 0 0 0.0121547 0 0 0
6.07853403 0 0 0.01767956 0 0 0
6.12565445 0 0 0.02209945 0 0 0
6.7539267 0 0 0.02209945 0 0 0
7.06806283 0 0 0.03314917 0 0 0
7.38219895 0 0 0.0441989 0 0 0
7.61780105 0 0 0.06077348 0 0 0
7.85340314 0 0 0.0718232 0 0 0
8.16753927 0 0 0.08066298 0 0 0
8.48167539 0 0 0.09392265 0 0 0
8.79581152 0 0 0.10718232 0 0 0
9.10994764 0 0 0.11049724 0 0 0
9.26701571 0 0 0.11712707 0 0 0
9.42408377 0 0 0.12154696 0 0 0
9.7382199 0 0 0.13922652 0 0 0
10.052356 0 0 0.16022099 0 0 0
10.3664921 0 0 0.17900552 0 0 0
10.6806283 0 0 0.19005525 0 0 0
10.9947644 0 0 0.20994475 0 0 0
11.3089005 0 0 0.22099448 0 0 0
11.6230366 0 0 0.23867403 0 0 0
11.9371728 0 0 0.25635359 0 0 0
12.2513089 0 0 0.27624309 0 0 0
12.565445 0 0 0.2961326 0 0 0
12.8795812 0 0 0.3160221 0 0 0
13.1937173 0 0 0.33480663 0 0 0
13.5078534 0 0 0.35911602 0 0 0
13.8219895 0 0 0.38674033 0 0 0
14.1361257 0 0 0.40883978 0 0 0
14.4502618 0 0 0.42872928 0 0 0
14.7643979 0 0 0.4640884 0 0 0
15.078534 0 0 0.48950276 0 0 0
15.3926702 0 0 0.52154696 0 0 0
15.7068063 0 0 0.55801105 0 0 0
16.0209424 0 0 0.59116022 0 0 0
16.3350785 0 0 0.62983425 0 0 0
16.6492147 0 0 0.65414365 0 0 0
16.9633508 0 0 0.68508287 0 0 0
17.2774869 0 0 0.71823204 0 0 0
17.591623 0 0 0.75138122 0 0 0
17.9057592 0 0 0.77900552 0 0 0
18.2198953 0 0 0.80662983 0 0 0
18.5340314 0 0 0.82872928 0 0 0
18.8481675 0 0 0.84861878 0 0 0
19.1623037 0 0 0.87071823 0 0 0
19.4764398 0 0 0.88729282 0 0 0
19.7905759 0 0 0.90055249 0 0 0
20.104712 0 0 0.91160221 0 0 0
20.4188482 0 0 0.91933702 0 0 0
20.7329843 0 0 0.92928177 0 0 0
21.0471204 0 0 0.93480663 0 0 0
21.3612565 0 0 0.93812155 0 0 0
21.6753927 0 0 0.93701657 0 0 0
21.9895288 0 0 0.93149171 0 0 0
22.3036649 0 0 0.9281768 0 0 0
22.617801 0 0 0.91933702 0 0 0
22.9319372 0 0 0.91712707 0 0 0
23.2460733 0 0 0.90718232 0 0 0
23.5602094 0 0 0.89723757 0 0 0
23.8743455 0 0 0.88618785 0 0 0
24.1884817 0 0 0.87624309 0 0 0
24.5026178 0 0 0.8640884 0 0 0
24.8167539 0 0 0.84972376 0 0 0
25.1308901 0 0 0.82872928 0 0 0
25.4450262 0 0 0.81767956 0 0 0
25.7591623 0 0 0.79447514 0 0 0
26.0732984 0 0 0.77127072 0 0 0
26.3874346 0 0 0.75138122 0 0 0
26.7015707 0 0 0.73259669 0 0 0
27.0157068 0 0 0.71049724 0 0 0
27.3298429 0 0 0.68729282 0 0 0
27.6439791 0 0 0.67403315 0 0 0
27.9581152 0 0 0.65524862 0 0 0
28.2722513 0 0 0.6320442 0 0 0
28.5863874 0 0 0.61657459 0 0 0
28.9005236 0 0 0.59668508 0 0 0
29.2146597 0 0 0.5801105 0 0 0
29.5287958 0 0 0.56353591 0 0 0
29.8429319 0 0 0.54475138 0 0 0
30.1570681 0 0 0.5281768 0 0 0
30.4712042 0 0 0.50828729 0 0 0
30.9922041 0 0 0.4244186 0 0 0
31.9844082 0 0 0.36627907 0 0 0
32.9766123 0 0 0.3255814 0 0 0
33.9688164 0 0 0.2877907 0 0 0
34.9610206 0 0 0.25116279 0 0 0
35.9532247 0 0 0.22674419 0 0 0
36.9454288 0 0 0.20348837 0 0 0
37.9376329 0 0 0.18604651 0 0 0
38.929837 0 0 0.16860465 0 0 0
39.9220411 0 0 0.15116279 0 0 0
40.9142452 0 0 0.13953488 0 0 0
41.9064493 0 0 0.12674419 0 0 0
42.8986534 0 0 0.11918605 0 0 0
43.8908575 0 0 0.11046512 0 0 0
44.8830617 0 0 0.10465116 0 0 0
45.8752658 0 0 0.09767442 0 0 0
46.8674699 0 0 0.09302326 0 0 0
47.859674 0 0 0.08430233 0 0 0
48.8518781 0 0 0.07848837 0 0 0
49.8440822 0 0 0.0755814 0 0 0
50.8362863 0 0 0.06976744 0 0 0
51.8284904 0 0 0.06802326 0 0 0
52.8206945 0 0 0.06511628 0 0 0
53.8128987 0 0 0.06162791 0 0 0
54.8051028 0 0 0.06046512 0 0 0
55.7973069 0 0 0.05813953 0 0 0
56.789511 0 0 0.05523256 0 0 0
57.7817151 0 0 0.05348837 0 0 0
58.7739192 0 0 0.05232558 0 0 0
59.7661233 0 0 0.04651163 0 0 0
60.7583274 0 0 0.04651163 0 0 0
61.7505315 0 0 0.04651163 0 0 0
62.7427356 0 0 0.04651163 0 0 0
63.7349398 0 0 0.04418605 0 0 0
64.7271439 0 0 0.04069767 0 0 0
67.2076541 0 0 0.03488372 0 0 0
69.6881644 0 0 0.02906977 0 0 0
72.059 0 0 0.0258389 0 0 0
74.008 0 0 0.02374498 0 0 0
76.01 0 0 0.0218283 0 0 0
78.066 0 0 0.02007238 0 0 0
80.177 0 0 0.01846393 0 0 0
82.346 0 0 0.01698905 0 0 0
84.573 0 0 0.01563625 0 0 0
86.861 0 0 0.01439487 0 0 0
89.21 0 0 0.01325586 0 0 0
91.623 0 0 0.01221028 0 0 0
94.101 0 0 0.01124989 0 0 0
96.646 0 0 0.01036748 0 0 0
99.26 0 0 0.00954447 0 0 0
