#ELS 0 0 of 0 0 0
#368 0 0  0 0 0
4.42 0 0 6.68E-05 0 0 0
4.5 0 0 0.00031154 0 0 0
4.54 0 0 0.00178025 0 0 0
4.58 0 0 0.00289291 0 0 0
4.66 0 0 0.00333797 0 0 0
4.75 0 0 0.00396106 0 0 0
4.83 0 0 0.00422809 0 0 0
4.91 0 0 0.0035605 0 0 0
4.99 0 0 0.00293741 0 0 0
5.07 0 0 0.00209179 0 0 0
5.15 0 0 0.00178025 0 0 0
5.24 0 0 0.00149096 0 0 0
5.32 0 0 0.00122392 0 0 0
5.36 0 0 0.00222531 0 0 0
5.4 0 0 0.01112656 0 0 0
5.48 0 0 0.01335188 0 0 0
5.56 0 0 0.02781641 0 0 0
5.65 0 0 0.04450626 0 0 0
5.73 0 0 0.05674548 0 0 0
5.81 0 0 0.06787204 0 0 0
5.89 0 0 0.07566064 0 0 0
5.97 0 0 0.07788595 0 0 0
6.05 0 0 0.08344924 0 0 0
6.14 0 0 0.10013908 0 0 0
6.22 0 0 0.12795549 0 0 0
6.3 0 0 0.15577191 0 0 0
6.38 0 0 0.19805285 0 0 0
6.46 0 0 0.24478442 0 0 0
6.55 0 0 0.28929068 0 0 0
6.63 0 0 0.33045897 0 0 0
6.71 0 0 0.36383866 0 0 0
6.79 0 0 0.39054242 0 0 0
6.87 0 0 0.40834492 0 0 0
6.95 0 0 0.40611961 0 0 0
7.04 0 0 0.39054242 0 0 0
7.12 0 0 0.36717663 0 0 0
7.2 0 0 0.33379694 0 0 0
7.28 0 0 0.3093185 0 0 0
7.36 0 0 0.27371349 0 0 0
7.45 0 0 0.23922114 0 0 0
7.53 0 0 0.19805285 0 0 0
7.61 0 0 0.18358832 0 0 0
7.69 0 0 0.15799722 0 0 0
7.77 0 0 0.14242003 0 0 0
7.85 0 0 0.13129346 0 0 0
7.94 0 0 0.12461752 0 0 0
8.02 0 0 0.12239221 0 0 0
8.1 0 0 0.1201669 0 0 0
8.18 0 0 0.11682893 0 0 0
8.26 0 0 0.11571627 0 0 0
8.35 0 0 0.11571627 0 0 0
8.43 0 0 0.11794159 0 0 0
8.51 0 0 0.1201669 0 0 0
8.59 0 0 0.12239221 0 0 0
8.67 0 0 0.12461752 0 0 0
8.75 0 0 0.12795549 0 0 0
8.84 0 0 0.13463143 0 0 0
8.92 0 0 0.14242003 0 0 0
9 0 0 0.14464534 0 0 0
9.08 0 0 0.15132128 0 0 0
9.16 0 0 0.15577191 0 0 0
9.25 0 0 0.16022253 0 0 0
9.33 0 0 0.16578581 0 0 0
9.41 0 0 0.16801113 0 0 0
9.49 0 0 0.17246175 0 0 0
9.57 0 0 0.17913769 0 0 0
9.65 0 0 0.181363 0 0 0
9.74 0 0 0.18692629 0 0 0
9.82 0 0 0.18803894 0 0 0
9.9 0 0 0.1891516 0 0 0
9.98 0 0 0.19471488 0 0 0
10.06 0 0 0.19582754 0 0 0
10.15 0 0 0.19916551 0 0 0
10.23 0 0 0.20139082 0 0 0
10.31 0 0 0.20472879 0 0 0
10.39 0 0 0.21029207 0 0 0
10.47 0 0 0.21140473 0 0 0
10.55 0 0 0.2147427 0 0 0
10.64 0 0 0.22030598 0 0 0
10.72 0 0 0.22253129 0 0 0
10.8 0 0 0.22809458 0 0 0
10.95 0 0 0.24216524 0 0 0
11.79 0 0 0.28774929 0 0 0
12.63 0 0 0.33760684 0 0 0
13.47 0 0 0.38461538 0 0 0
14.32 0 0 0.46011396 0 0 0
15.16 0 0 0.52991453 0 0 0
16 0 0 0.61253561 0 0 0
16.84 0 0 0.71225071 0 0 0
17.68 0 0 0.7977208 0 0 0
18.53 0 0 0.87606838 0 0 0
19.37 0 0 0.95156695 0 0 0
20.21 0 0 1.01851852 0 0 0
21.05 0 0 1.06837607 0 0 0
21.89 0 0 1.07977208 0 0 0
22.74 0 0 1.06980057 0 0 0
23.58 0 0 1.01994302 0 0 0
24.42 0 0 0.93874644 0 0 0
25.26 0 0 0.85470085 0 0 0
26.11 0 0 0.78347578 0 0 0
26.95 0 0 0.6980057 0 0 0
27.79 0 0 0.61396011 0 0 0
28.63 0 0 0.55555556 0 0 0
29.47 0 0 0.48433048 0 0 0
30.32 0 0 0.43447293 0 0 0
31.16 0 0 0.39316239 0 0 0
32 0 0 0.35470085 0 0 0
32.84 0 0 0.31481481 0 0 0
33.68 0 0 0.28490028 0 0 0
34.53 0 0 0.26068376 0 0 0
35.37 0 0 0.23931624 0 0 0
36.21 0 0 0.21937322 0 0 0
37.05 0 0 0.1994302 0 0 0
37.89 0 0 0.18518519 0 0 0
38.74 0 0 0.17094017 0 0 0
39.58 0 0 0.15669516 0 0 0
40.42 0 0 0.14387464 0 0 0
41.26 0 0 0.13247863 0 0 0
42.11 0 0 0.12250712 0 0 0
42.95 0 0 0.11396011 0 0 0
43.79 0 0 0.10683761 0 0 0
44.63 0 0 0.0982906 0 0 0
45.47 0 0 0.09259259 0 0 0
46.32 0 0 0.08689459 0 0 0
47.16 0 0 0.07834758 0 0 0
48 0 0 0.07549858 0 0 0
48.84 0 0 0.07122507 0 0 0
49.68 0 0 0.06837607 0 0 0
50.53 0 0 0.06125356 0 0 0
52.21 0 0 0.05413105 0 0 0
53.89 0 0 0.04558405 0 0 0
55.58 0 0 0.04273504 0 0 0
57.26 0 0 0.03846154 0 0 0
58.95 0 0 0.03133903 0 0 0
60.63 0 0 0.02849003 0 0 0
62.32 0 0 0.02706553 0 0 0
64 0 0 0.02564103 0 0 0
64.763 0 0 0.02183026 0 0 0
66.515 0 0 0.01992349 0 0 0
68.314 0 0 0.01818988 0 0 0
70.162 0 0 0.01661163 0 0 0
72.059 0 0 0.01517666 0 0 0
74.008 0 0 0.01386942 0 0 0
76.01 0 0 0.01267854 0 0 0
78.066 0 0 0.01159333 0 0 0
80.177 0 0 0.01060403 0 0 0
82.346 0 0 0.00970153 0 0 0
84.573 0 0 0.00887798 0 0 0
86.861 0 0 0.00812599 0 0 0
89.21 0 0 0.00743965 0 0 0
91.623 0 0 0.0068127 0 0 0
94.101 0 0 0.00623995 0 0 0
96.646 0 0 0.0057165 0 0 0
99.26 0 0 0.00523794 0 0 0
101.94 0 0 0.00480079 0 0 0
104.7 0 0 0.0044002 0 0 0
107.53 0 0 0.00403411 0 0 0
110.44 0 0 0.00369877 0 0 0
113.43 0 0 0.00339179 0 0 0
116.5 0 0 0.00311078 0 0 0
119.65 0 0 0.0028536 0 0 0
122.88 0 0 0.00261825 0 0 0
126.21 0 0 0.00240201 0 0 0
129.62 0 0 0.00220425 0 0 0
133.13 0 0 0.0020211 0 0 0
136.73 0 0 0.00184761 0 0 0
140.43 0 0 0.00168912 0 0 0
144.22 0 0 0.00154459 0 0 0
148.13 0 0 0.0014122 0 0 0
152.13 0 0 0.00129155 0 0 0
156.25 0 0 0.0011811 0 0 0
160.47 0 0 0.00108034 0 0 0
164.81 0 0 0.00098819 0 0 0
169.27 0 0 0.00090389 0 0 0
173.85 0 0 0.00082684 0 0 0
178.55 0 0 0.00075645 0 0 0
183.38 0 0 0.000692 0 0 0
188.34 0 0 0.00062876 0 0 0
193.43 0 0 0.00056825 0 0 0
198.67 0 0 0.00051351 0 0 0
204.04 0 0 0.00046412 0 0 0
209.56 0 0 0.00041948 0 0 0
215.23 0 0 0.00037915 0 0 0
221.05 0 0 0.00034295 0 0 0
227.03 0 0 0.00031123 0 0 0
233.17 0 0 0.00028247 0 0 0
239.47 0 0 0.00025638 0 0 0
245.95 0 0 0.00023231 0 0 0
252.6 0 0 0.00020752 0 0 0
259.44 0 0 0.00018463 0 0 0
266.45 0 0 0.00016426 0 0 0
273.66 0 0 0.00014609 0 0 0
281.06 0 0 0.00012981 0 0 0
288.66 0 0 0.00331344 0 0 0
296.47 0 0 0.00304582 0 0 0
304.49 0 0 0.00279661 0 0 0
312.72 0 0 0.0025671 0 0 0
321.18 0 0 0.00235596 0 0 0
329.87 0 0 0.00216197 0 0 0
338.79 0 0 0.00198389 0 0 0
347.96 0 0 0.00182032 0 0 0
357.37 0 0 0.00167024 0 0 0
367.03 0 0 0.00153256 0 0 0
376.96 0 0 0.00140594 0 0 0
387.16 0 0 0.00128223 0 0 0
397.63 0 0 0.00116843 0 0 0
408.38 0 0 0.00106471 0 0 0
419.43 0 0 0.00097016 0 0 0
430.77 0 0 0.00088405 0 0 0
442.42 0 0 0.00080558 0 0 0
454.39 0 0 0.00073404 0 0 0
466.68 0 0 0.00066887 0 0 0
479.3 0 0 0.0006095 0 0 0
492.27 0 0 0.00055499 0 0 0
505.58 0 0 0.00050505 0 0 0
519.25 0 0 0.00045961 0 0 0
533.3 0 0 0.00041825 0 0 0
547.72 0 0 0.00038062 0 0 0
562.54 0 0 0.00034637 0 0 0
577.75 0 0 0.0003152 0 0 0
593.38 0 0 0.00028685 0 0 0
609.43 0 0 0.00026105 0 0 0
625.91 0 0 0.00023757 0 0 0
642.84 0 0 0.0002162 0 0 0
660.23 0 0 0.00019676 0 0 0
678.08 0 0 0.00017916 0 0 0
696.42 0 0 0.00016361 0 0 0
715.26 0 0 0.00014888 0 0 0
734.61 0 0 0.00013477 0 0 0
754.48 0 0 0.000122 0 0 0
774.88 0 0 0.00011045 0 0 0
795.84 0 0 1.00E-04 0 0 0
817.37 0 0 9.05E-05 0 0 0
839.47 0 0 8.19E-05 0 0 0
862.18 0 0 0.00007413 0 0 0
885.5 0 0 0.00006706 0 0 0
909.45 0 0 6.07E-05 0 0 0
934.05 0 0 5.49E-05 0 0 0
959.31 0 0 4.96E-05 0 0 0
985.26 0 0 0.00004486 0 0 0
1011.9 0 0 4.06E-05 0 0 0
1039.3 0 0 3.67E-05 0 0 0
1067.4 0 0 3.31E-05 0 0 0
1096.3 0 0 2.99E-05 0 0 0
1125.9 0 0 2.70E-05 0 0 0
1156.4 0 0 2.44E-05 0 0 0
1187.6 0 0 2.20E-05 0 0 0
1219.8 0 0 1.99E-05 0 0 0
1252.7 0 0 1.80E-05 0 0 0
1286.6 0 0 0.00001619 0 0 0
1321.4 0 0 1.46E-05 0 0 0
1357.2 0 0 0.00001316 0 0 0
1393.9 0 0 1.19E-05 0 0 0
1431.6 0 0 1.07E-05 0 0 0
1470.3 0 0 9.65E-06 0 0 0
1510.1 0 0 8.69E-06 0 0 0
1550.9 0 0 7.83E-06 0 0 0
1592.9 0 0 7.06E-06 0 0 0
1635.9 0 0 6.36E-06 0 0 0
1680.2 0 0 5.73E-06 0 0 0
1725.6 0 0 5.16E-06 0 0 0
1772.3 0 0 4.65E-06 0 0 0
1820.2 0 0 4.19E-06 0 0 0
1869.5 0 0 3.77E-06 0 0 0
1920 0 0 3.39E-06 0 0 0
1972 0 0 3.05E-06 0 0 0
2025.3 0 0 2.75E-06 0 0 0
2080.1 0 0 2.48E-06 0 0 0
2136.3 0 0 2.23E-06 0 0 0
2194.1 0 0 2.00E-06 0 0 0
2253.5 0 0 1.80E-06 0 0 0
2314.4 0 0 1.62E-06 0 0 0
2377 0 0 1.46E-06 0 0 0
2441.3 0 0 1.31E-06 0 0 0
2507.3 0 0 1.18E-06 0 0 0
2575.2 0 0 1.06E-06 0 0 0
2644.8 0 0 9.54E-07 0 0 0
2716.3 0 0 8.58E-07 0 0 0
2789.8 0 0 7.71E-07 0 0 0
2865.3 0 0 6.93E-07 0 0 0
2942.8 0 0 6.23E-07 0 0 0
3022.4 0 0 5.59E-07 0 0 0
3104.1 0 0 5.03E-07 0 0 0
3188.1 0 0 4.51E-07 0 0 0
3274.3 0 0 4.05E-07 0 0 0
3362.9 0 0 3.64E-07 0 0 0
3453.8 0 0 3.27E-07 0 0 0
3547.2 0 0 2.93E-07 0 0 0
3643.2 0 0 2.63E-07 0 0 0
3741.7 0 0 2.36E-07 0 0 0
3842.9 0 0 2.12E-07 0 0 0
3946.8 0 0 1.90E-07 0 0 0
4053.6 0 0 1.71E-07 0 0 0
4163.2 0 0 1.53E-07 0 0 0
4275.8 0 0 1.37E-07 0 0 0
4391.5 0 0 1.23E-07 0 0 0
4510.3 0 0 1.10E-07 0 0 0
4632.3 0 0 9.88E-08 0 0 0
4757.6 0 0 8.86E-08 0 0 0
4886.2 0 0 7.94E-08 0 0 0
5018.4 0 0 7.11E-08 0 0 0
5154.1 0 0 6.37E-08 0 0 0
5293.5 0 0 5.71E-08 0 0 0
5436.7 0 0 5.11E-08 0 0 0
5583.7 0 0 4.58E-08 0 0 0
5734.8 0 0 4.10E-08 0 0 0
5889.9 0 0 3.67E-08 0 0 0
6049.2 0 0 3.28E-08 0 0 0
6212.8 0 0 2.94E-08 0 0 0
6380.8 0 0 2.63E-08 0 0 0
6553.4 0 0 2.35E-08 0 0 0
6730.7 0 0 2.10E-08 0 0 0
6912.7 0 0 1.88E-08 0 0 0
7099.7 0 0 1.68E-08 0 0 0
7291.7 0 0 1.50E-08 0 0 0
7488.9 0 0 1.34E-08 0 0 0
7691.5 0 0 1.20E-08 0 0 0
7899.5 0 0 1.07E-08 0 0 0
8113.2 0 0 9.59E-09 0 0 0
8332.6 0 0 8.57E-09 0 0 0
8558 0 0 7.65E-09 0 0 0
8789.5 0 0 6.84E-09 0 0 0
9027.2 0 0 6.10E-09 0 0 0
9271.4 0 0 5.45E-09 0 0 0
9522.1 0 0 4.86E-09 0 0 0
9779.7 0 0 4.34E-09 0 0 0
10044 0 0 3.85E-09 0 0 0
10316 0 0 3.41E-09 0 0 0
10595 0 0 3.04E-09 0 0 0
10881 0 0 2.71E-09 0 0 0
11176 0 0 2.42E-09 0 0 0
11478 0 0 2.16E-09 0 0 0
11788 0 0 1.92E-09 0 0 0
12107 0 0 1.71E-09 0 0 0
12435 0 0 1.53E-09 0 0 0
12771 0 0 1.36E-09 0 0 0
13117 0 0 1.21E-09 0 0 0
13471 0 0 1.08E-09 0 0 0
13836 0 0 9.60E-10 0 0 0
14210 0 0 8.55E-10 0 0 0
14594 0 0 7.62E-10 0 0 0
14989 0 0 6.78E-10 0 0 0
15394 0 0 6.04E-10 0 0 0
15811 0 0 5.37E-10 0 0 0
16238 0 0 4.78E-10 0 0 0
16678 0 0 4.26E-10 0 0 0
17129 0 0 3.79E-10 0 0 0
17592 0 0 3.37E-10 0 0 0
18068 0 0 3.00E-10 0 0 0
18556 0 0 2.67E-10 0 0 0
19058 0 0 2.38E-10 0 0 0
19574 0 0 2.12E-10 0 0 0
20103 0 0 1.89E-10 0 0 0
20647 0 0 1.69E-10 0 0 0
21205 0 0 1.50E-10 0 0 0
21779 0 0 1.33E-10 0 0 0
22368 0 0 1.18E-10 0 0 0
22973 0 0 1.05E-10 0 0 0
23594 0 0 9.34E-11 0 0 0
24232 0 0 8.30E-11 0 0 0
24888 0 0 7.38E-11 0 0 0
25561 0 0 6.56E-11 0 0 0
26252 0 0 5.83E-11 0 0 0
26962 0 0 5.19E-11 0 0 0
27692 0 0 4.62E-11 0 0 0
28441 0 0 4.11E-11 0 0 0
29210 0 0 3.65E-11 0 0 0
30000 0 0 3.25E-11 0 0 0
